1	50136	122.3667	53.4667	2960	2973	1957	4	2000	12	1190994	5897582
2	50246	124.7167	52.3167	3574	3589	1960	12	2000	12	1374593	5806251
3	50349	124.3333	51.7	4946	4961	1972	1	2000	12	1361135	5735435
4	50353	126.65	51.7167	1774	1782	1954	1	2000	12	1521396	5770843
5	50425	120.1833	50.25	5814	5823	1957	1	2000	12	1095647	5528297
6	50434	121.6833	50.4833	7326	7334	1957	1	2000	12	1198644	5570835
7	50442	124.1167	50.4	3717	3721	1966	7	2000	12	1373195	5593389
8	50468	127.45	50.25	1664	1669	1959	1	2000	12	1612530	5627451
9	50514	117.4333	49.5667	6617	6622	1956	12	2000	12	907722.2	5426294
10	50527	119.75	49.2167	6102	6125	1951	1	2000	12	1081411	5411356
11	50548	123.7167	49.2	2861	2872	1957	1	2000	12	1369495	5458512
12	50557	125.2333	49.1667	2422	2430	1951	1	2000	12	1479725	5476677
13	50564	127.35	49.4333	2345	2351	1954	1	2000	12	1625478	5538453
14	50603	116.8167	48.6667	5542	5556	1957	10	2000	12	874697.6	5322351
15	50618	118.2667	48.2167	6420	6444	1958	11	2000	12	988050.8	5286619
16	50632	121.9167	48.7667	7397	7419	1951	1	2000	12	1247235	5387790
17	50639	122.7333	48	3065	3079	1952	2	2000	12	1321873	5314891
18	50656	126.5167	48.2833	2697	2720	1958	9	2000	12	1593120	5401185
19	50658	125.8833	48.05	2346	2363	1951	1	2000	12	1552317	5365923
20	50727	119.95	47.1667	10274	10278	1952	6	2000	12	1129984	5189332
21	50742	124.4833	47.8	1624	1647	1956	10	2000	12	1455039	5317597
22	50745	123.9167	47.3833	1459	1473	1951	1	2000	12	1421999	5264031
23	50756	126.9667	47.4333	2392	2404	1952	7	2000	12	1646566	5316602
24	50758	125.9	47.1667	2492	2499	1953	1	2000	12	1574011	5270383
25	50774	128.9167	47.7333	2409	2458	1955	10	2000	12	1782074	5382668
26	50775	130.3333	47.3667	2279	2307	1955	11	2000	12	1895658	5369481
27	50788	131.9833	47.2333	642	650	1952	8	2000	12	2020144	5387719
28	50834	121.2167	46.6	4993	4993	1957	12	2000	12	1235157	5142165
29	50838	122.05	46.0833	2747	2760	1951	1	2000	12	1307857	5096065
30	50844	123.4167	46.4	1495	1512	1958	1	2000	12	1405021	5149481
31	50853	126.9667	46.6167	1796	1804	1952	7	2000	12	1666487	5228041
32	50854	125.3167	46.3833	1493	1501	1952	7	2000	12	1548419	5175917
33	50862	128.0167	46.9833	2105	2134	1957	12	2000	12	1735374	5285775
34	50873	130.2833	46.8167	812	822	1951	1	2000	12	1907396	5309375
35	50877	129.5833	46.3	1001	1011	1959	1	2000	12	1869788	5240329
36	50888	132.1833	46.3167	830	835	1956	11	2000	12	2062318	5293618
37	50915	116.9667	45.5167	8387	8400	1955	11	2000	12	927832.2	4976218
38	50936	122.8333	45.6333	1554	1567	1951	1	2000	12	1376281	5057199
39	50948	124.0167	45	1463	1480	1957	1	2000	12	1480005	5004633
40	50949	124.8333	45.1167	1347	1388	1952	10	2000	12	1540137	5029861
41	50950	125.25	45.7	1487	1502	1988	1	2000	12	1558845	5100238
42	50953	126.7667	45.75	1423	1430	1951	1	2000	12	1672576	5130380
43	50963	128.7333	45.9667	1086	1100	1952	8	2000	12	1815198	5188481
44	50968	127.9667	45.2167	1897	1910	1952	8	2000	12	1776842	5093137
45	50978	130.95	45.2833	2336	2328	1951	1	2000	12	2000755	5157121
46	50983	132.9667	45.7667	1002	1035	1956	12	2000	12	2137250	5251186
47	51053	86.4	48.05	5326	5340	1957	11	2000	12	-1384707	5332148
48	51059	85.8667	47.4333	9841	9839	1960	8	2000	12	-1437017	5272598
49	51068	87.4667	47.1167	5009	5020	1957	11	2000	12	-1324335	5215783
50	51076	88.0833	47.7333	7353	7369	1954	1	2000	12	-1266617	5275146
51	51087	89.5167	46.9833	8075	8105	1961	6	2000	12	-1173138	5175373
52	51133	83	46.7333	5349	5366	1953	6	2000	12	-1666119	5241262
53	51156	85.7167	46.7833	12916	12942	1953	7	2000	12	-1462083	5203903
54	51186	90.3833	46.6667	12182	12200	1957	10	2000	12	-1113133	5130578
55	51232	82.5833	45.1833	2848	2864	1956	7	2000	12	-1735862	5079769
56	51241	83.6	45.9333	10778	10777	1956	10	2000	12	-1640464	5144240
57	51243	84.85	45.6	4273	4284	1956	12	2000	12	-1553504	5087731
58	51288	90.5333	45.3667	16537	16547	1957	10	2000	12	-1122849	4985421
59	51330	81.0167	44.9667	13546	13539	1957	12	2000	12	-1860681	5084570
60	51334	82.9	44.6167	3201	3212	1953	1	2000	12	-1725749	5012412
61	51346	84.6667	44.4333	4787	4783	1953	3	2000	12	-1593990	4962791
62	51356	86.05	44.3167	4429	4441	1952	9	2000	12	-1489397	4928494
63	51365	87.5333	44.2	4405	4410	1958	10	2000	12	-1376363	4894220
64	51379	89.5667	44.0167	7935	7938	1951	4	2000	12	-1220695	4847343
65	51431	81.3333	43.95	6625	6634	1951	8	2000	12	-1863493	4967958
66	51437	81.1333	43.15	18510	18546	1954	3	2000	12	-1900329	4884461
67	51463	87.6167	43.7833	9179	9187	1951	1	2000	12	-1378004	4847027
68	51467	86.3333	42.6667	17525	17536	1957	11	2000	12	-1502038	4742209
69	51477	88.3167	43.35	11035	11053	1956	4	2000	12	-1331186	4789527
70	51495	91.6333	43.4833	8732	8744	1952	7	2000	12	-1066341	4764284
71	51526	88.2167	42.2333	9224	9240	1958	11	2000	12	-1360224	4667050
72	51542	84.15	43.0333	24580	24589	1957	11	2000	12	-1666671	4817474
73	51567	86.5667	42.0833	10558	10579	1951	5	2000	12	-1495598	4674154
74	51573	89.2	42.9333	345	372	1951	7	2000	12	-1268743	4731745
75	51628	80.2333	41.1667	11038	11054	1953	6	2000	12	-2025663	4685584
76	51633	81.9	41.7833	12292	12304	1958	10	2000	12	-1875876	4720337
77	51642	84.25	41.7833	9761	9776	1958	10	2000	12	-1687989	4678156
78	51644	82.95	41.7167	10990	11000	1951	1	2000	12	-1793704	4693620
79	51656	86.1333	41.75	9315	9329	1958	7	2000	12	-1537436	4643885
80	51701	75.4	40.5167	35044	35074	1958	10	2000	12	-2431732	4723481
81	51705	75.25	39.7167	21757	21775	1955	11	2000	12	-2470348	4640863
82	51709	75.9833	39.4667	12887	12907	1951	1	2000	12	-2419360	4595794
83	51711	78.45	40.9333	19849	19860	1957	1	2000	12	-2175103	4697859
84	51716	78.5667	39.8	11165	11176	1953	3	2000	12	-2199428	4571889
85	51720	79.05	40.5	11618	11630	1959	9	2000	12	-2139720	4637626
86	51730	81.05	40.5	10122	10130	1958	12	2000	12	-1978159	4596148
87	51747	83.6667	39	10993	10993	1999	1	2000	12	-1801701	4381295
88	51765	87.7	40.6333	8460	8471	1957	1	2000	12	-1432955	4496593
89	51777	88.1667	39.0333	8883	8893	1953	3	2000	12	-1425164	4311846
90	51804	75.2333	37.7833	30909	30937	1957	1	2000	12	-2536224	4432537
91	51811	77.2667	38.4333	12312	12320	1953	7	2000	12	-2347416	4452943
92	51818	78.2833	37.6167	13754	13763	1959	1	2000	12	-2288038	4340349
93	51828	79.9333	37.1333	13746	13747	1953	2	2000	12	-2163500	4250556
94	51839	82.7167	37.0667	14093	14106	1956	12	2000	12	-1929249	4185864
95	51848	83.65	37.9333	12628	12642	1960	1	1998	12	-1828817	4263812
96	51855	85.55	38.15	12475	12484	1953	5	2000	12	-1663488	4254375
97	51886	90.2167	38.35	31385	31387	1958	9	2000	12	-1264436	4207826
98	51931	81.65	36.85	14220	14233	1955	11	2000	12	-2025641	4183257
99	52101	93	43.6	16500	16509	1956	12	2000	12	-956293.3	4763363
100	52112	95.13333333	43.76666667	4790	4790	2003	1	2007	12	1246071.96	2725290.29
101	52118	94.7	43.2667	17286	17295	1958	11	2000	12	-825223	4710901
102	52203	93.5167	42.8167	7372	7388	1951	1	2000	12	-925465	4671042
103	52267	101.0667	41.95	9405	9413	1959	11	2000	12	-321482.3	4526265
104	52313	94.6667	41.5333	17000	17010	1952	7	2000	12	-848152.4	4517116
105	52323	96.8833	41.5833	19627	19637	1957	12	2000	12	-666215.9	4505823
106	52343	99.9	41.9333	9656	9656	1958	11	1986	12	-416863.4	4528724
107	52378	102.3667	41.3667	9600	9610	1959	6	2000	12	-217003.6	4457034
108	52418	94.6833	40.15	11390	11396	1951	1	2000	12	-862983.6	4361752
109	52424	95.7667	40.5333	11708	11718	1951	1	2000	12	-768616.3	4395909
110	52436	97.0333	40.2667	15260	15270	1952	7	2000	12	-665836	4356778
111	52441	98.6167	40.7167	15910	15916	1965	12	1988	12	-530441.6	4397897
112	52446	99.5167	40.3	11774	11786	1955	1	2000	12	-458331.5	4346468
113	52447	98.9	40	12702	12712	1989	1	2000	12	-511897.6	4315667
114	52495	104.5	40.75	13281	13290	1957	4	2000	12	-41558.7	4384701
115	52533	98.4833	39.7667	14772	14782	1951	1	2000	12	-548545.8	4291599
116	52546	99.8333	39.3667	13322	13329	1952	8	2000	12	-437375.6	4239789
117	52576	101.6833	39.2167	15101	15115	1959	6	2000	12	-281408.7	4216160
118	52602	93.3833	38.8333	27330	27339	1956	9	2000	12	-988622.3	4226040
119	52633	98.4167	38.8	33670	33683	1956	11	2000	12	-561380.4	4182991
120	52645	99.5833	38.4167	31800	31810	1959	2	2000	12	-464372.5	4133722
121	52652	100.4333	38.9333	14827	14839	1951	1	2000	12	-388873.9	4188381
122	52657	100.25	38.1833	27874	27885	1956	5	2000	12	-408524.7	4104444
123	52661	101.0833	38.8	17646	17659	1952	10	2000	12	-334148.8	4170964
124	52674	101.9667	38.2333	19761	19765	1958	4	2000	12	-260766.1	4104305
125	52679	102.6667	37.9167	15309	15319	1951	1	2000	12	-201442	4066900
126	52681	103.0833	38.6333	13670	13685	1953	1	2000	12	-163917.1	4147114
127	52707	93.6833	36.8	27670	27680	1960	6	2000	12	-989346	3994741
128	52713	95.3667	37.85	31732	31742	1956	5	2000	12	-831180.3	4097350
129	52737	97.3667	37.3667	29815	29824	1955	8	2000	12	-663197.8	4027865
130	52754	100.1333	37.3333	33015	33024	1957	7	2000	12	-423261.8	4008958
131	52765	101.6167	37.3833	27076	27076	1956	10	2000	12	-294117.4	4009246
132	52787	102.8667	37.2	30451	30439	1951	1	2000	12	-185919.2	3985510
133	52788	104.05	37.1833	27267	27281	1955	11	1988	12	-82816.3	3982020
134	52797	104.05	37.1833	16305	16314	1956	11	2000	12	-82816.3	3982020
135	52818	94.9	36.4167	28076	28085	1955	4	2000	12	-887767	3940161
136	52825	96.4167	36.4333	27904	27914	1956	6	2000	12	-754652.2	3929484
137	52833	98.48333333	36.91666667	79500	79500	2001	1	2007	12	532407.29	2887907.23
138	52836	98.1	36.3	31911	31921	1954	1	2000	12	-607968.9	3902910
139	52842	99.0833	36.7833	30876	30887	1955	6	2000	12	-518186.4	3951851
140	52856	100.6167	36.2667	28350	28360	1953	1	2000	12	-386570.5	3886546
141	52866	101.7667	36.6167	22612	22622	1954	1	2000	12	-283904	3922196
142	52868	101.4333	36.0333	22371	22381	1956	11	2000	12	-315535.5	3857299
143	52876	102.85	36.3167	18139	18148	1956	10	2000	12	-189536.6	3885714
144	52884	103.9333333	36.35	16685	16685	2004	1	2007	12	703215.11	2911783.70
145	52889	103.8833	36.05	15172	15183	1951	1	2000	12	-98789	3854074
146	52895	104.6833	36.5667	13982	13993	1951	1	2000	12	-27831.5	3911965
147	52908	93.0833	35.2167	46122	46142	1956	10	2000	12	-1062981	3823228
148	52943	99.9833	35.5833	33232	33243	1960	1	2000	12	-446287.6	3812055
149	52955	100.75	35.5833	32029	32029	1999	1	2000	12	-378127	3808872
150	52957	100.65	35.2667	32894	32904	1954	2	1998	12	-388585.2	3773520
151	52968	101.4667	35.0333	36628	36638	1957	10	1990	12	-316602.3	3744273
152	52974	102.0167	35.5167	24915	24923	1991	1	2000	12	-265694.5	3797244
153	52983	104.15	35.8667	18741	18754	1951	1	2000	12	-75373.3	3833125
154	52984	103.1833	35.5833	19170	19185	1951	1	2000	12	-161674.4	3802256
155	52986	103.8667	35.3667	18866	18878	1951	1	2000	12	-101139	3776880
156	52993	105.0833	35.6833	20122	20132	1955	11	1991	4	7403.9	3812080
157	52996	105	35.3833	24506	24504	1951	1	2000	12	0	3778179
158	53068	111.9667	43.65	9647	9659	1955	10	2000	12	555687.6	4730619
159	53083	114.15	44.6167	11816	11829	1957	12	2000	12	719422.6	4852714
160	53149	110.1333	42.5333	12252	12261	1957	11	2000	12	416091.4	4596334
161	53192	114.95	44.0167	11261	11279	1952	6	2000	12	788850.4	4791835
162	53195	113.7167	43.8333	11114	11139	1955	12	2000	12	693146.5	4762140
163	53231	106.4	41.4	15096	15102	1970	10	2000	12	115327.3	4458724
164	53276	112.9	42.4	11508	11519	1952	5	2000	12	641154.8	4596093
165	53336	108.5167	41.5667	12880	12898	1954	1	2000	12	288977.2	4481822
166	53352	110.4333	41.7	13766	13771	1953	12	2000	12	445518	4503921
167	53362	111.6833	41.5333	14901	14904	1959	1	2000	12	549138.7	4491428
168	53391	114	41.9	14827	14846	1952	12	2000	12	735297.2	4547614
169	53399	114.7	41.15	13933	13942	1989	1	2000	12	800558.1	4468860
170	53420	107.1333	40.9	10567	10579	1954	1	1995	2	176937.9	4403421
171	53446	109.85	40.6667	10672	10691	1951	1	2000	12	403419.7	4385052
172	53463	111.6833	40.8167	10630	10650	1951	2	2000	12	554574.9	4410795
173	53478	112.45	40	13458	13472	1957	1	2000	12	624992.9	4323397
174	53480	113.0667	41.0333	14193	14215	1954	1	2000	12	667154.8	4443676
175	53487	113.3333	40.1	10672	10690	1955	1	2000	12	697983	4340538
176	53502	105.75	39.7833	10318	10330	1955	1	2000	12	63162.1	4275702
177	53513	107.4167	40.75	10393	10408	1956	11	2000	12	200851	4387041
178	53519	106.7667	39.2167	10910	10922	1957	1	2000	12	149917.3	4212792
179	53529	107.9833	39.1	13803	13813	1954	10	2000	12	253525.8	4202082
180	53543	109.9833	39.8333	14604	14590	1956	12	2000	12	419218.9	4291634
181	53545	109.7333	39.5667	13293	13305	1958	11	1995	2	399639.1	4260527
182	53564	111.15	39.3833	8615	8615	1954	11	2000	12	520400.5	4246404
183	53588	113.5333	39.0333	28958	28977	1956	1	2000	12	725038	4221914
184	53593	114.5667	39.8333	9095	9103	1954	1	2000	12	803889.3	4319873
185	53602	105.6667	38.8333	15614	15628	1952	12	2000	12	56868	4168326
186	53614	106.2167	38.4833	11114	11127	1951	1	2000	12	104264.1	4129218
187	53615	106.7	38.8	11016	11029	1959	1	2000	12	145063.8	4165614
188	53646	109.7	38.2333	10575	10585	1951	1	2000	12	403960	4109885
189	53663	111.8167	38.9167	14010	14020	1957	1	2000	12	580348.2	4197491
190	53664	111.1333	38.4667	10126	10136	1955	1	2000	12	525383.8	4142936
191	53673	112.7167	38.7333	8282	8283	1954	1	2000	12	658434.2	4182435
192	53698	114.4167	38.0333	805	812	1955	1	2000	12	810586.1	4116184
193	53704	105.1833	37.5333	12257	12268	1959	1	1990	12	15906.1	4021206
194	53705	105.6667	37.4833	11833	11849	1953	1	2000	12	57892.7	4015733
195	53723	107.4	37.7833	13478	13489	1954	1	2000	12	207564.2	4051962
196	53725	107.5833	37.5833	13603	13612	1989	1	2000	12	224001.4	4029758
197	53738	108.1833	36.8333	12726	12736	1956	10	2000	12	278730	3946527
198	53740	109.2333	37.9333	11110	11075	1954	1	2000	12	365319	4074199
199	53754	110.2167	37.5	9297	9285	1953	1	2000	12	452684.7	4029322
200	53764	111.1	37.5	9508	9512	1957	1	2000	12	529244.6	4033691
201	53772	112.55	37.7833	7783	7795	1951	1	2000	12	652396.7	4074271
202	53782	113.55	37.85	7419	7426	1954	12	2000	12	737957.1	4088789
203	53787	112.9833	37.0667	10414	10418	1957	1	2000	12	696266.4	3996452
204	53798	114.5	37.0667	768	780	1954	1	2000	12	828174.4	4008096
205	53806	105.65	36.5667	18542	18555	1957	12	2000	12	57120.9	3912108
206	53810	105.9	36.9833	13439	13452	1955	1	2000	12	78663	3959371
207	53817	106.2667	36	17530	17528	1956	10	2000	12	112130.3	3848582
208	53821	107.3	36.5833	12556	12560	1957	1	2000	12	202059.8	3916138
209	53845	109.5	36.6	9578	9589	1951	1	2000	12	395148.4	3924642
210	53853	110.95	36.7	10527	10537	1957	1	2000	12	521662.8	3942626
211	53863	111.9167	37.0333	7439	7458	1954	1	2000	12	603667.8	3985703
212	53868	111.5	36.0667	4495	4503	1954	1	2000	12	574501.4	3874219
213	53882	113.0667	36.0667	9918	9914	1986	1	2000	12	712699	3884375
214	53887	113.1167	36.2	9265	9275	1953	12	1985	12	715875.9	3899751
215	53898	114.3667	36.1167	755	764	1951	2	2000	12	826704.9	3900083
216	53903	105.7167	35.9667	19165	19214	1957	2	2000	12	63471.5	3844333
217	53915	106.6667	35.55	13466	13482	1951	1	2000	12	148389.8	3798260
218	53923	107.6333	35.7333	14210	14219	1951	1	2000	12	233882.1	3820829
219	53929	107.8	35.2	12065	12068	1956	9	2000	12	250383.5	3761001
220	53942	109.5	35.8167	11583	11591	1954	11	2000	12	399159.9	3836199
221	53947	109.0667	35.0833	9789	9797	1955	1	1999	12	364141.6	3751746
222	53959	111.0167	35.0333	3760	3759	1956	1	2000	12	538911.6	3754973
223	53963	111.3667	35.65	4338	4350	1991	1	2000	12	565753.8	3826461
224	53975	112.4	35.4833	6595	6588	1957	1	2000	12	658818.9	3814042
225	53986	113.8833	35.3167	727	740	1951	1	2000	12	792235.3	3806121
226	54012	117.6	44.5833	9959	9966	1954	11	2000	12	989896.3	4878696
227	54026	120.9	44.5667	2650	2658	1952	5	2000	12	1247464	4914043
228	54027	119.4	43.9833	4844	4859	1953	1	2000	12	1140103	4831352
229	54041	123.0667	44.7833	1495	1505	1955	1	2000	12	1411300	4966964
230	54049	123.9667	44.25	1893	1901	1952	9	2000	12	1492114	4921402
231	54063	126	44.9667	1966	1979	1952	9	2000	12	1632943	5032076
232	54094	129.6	44.5667	2414	2425	1951	1	2000	12	1918541	5052850
233	54096	131.15	44.3833	4967	4977	1952	8	2000	12	2042052	5063882
234	54102	116.0667	43.95	9895	9908	1952	6	2000	12	877868.7	4793767
235	54115	118.0667	43.6	7990	8003	1952	5	2000	12	1040829	4774092
236	54134	121.2833	43.6	2410	2420	1952	5	2000	12	1294975	4811934
237	54135	122.2667	43.6	1785	1801	1951	1	2000	12	1372415	4825144
238	54142	123.5333	43.5	1149	1161	1953	1	2000	12	1474042	4832253
239	54157	124.3333	43.1833	1642	1654	1951	1	2000	12	1543766	4809470
240	54161	125.2167	43.9	2368	2385	1951	1	2000	12	1597071	4902349
241	54169	126.0167	43.3	2716	2703	1961	1	1995	12	1673499	4849593
242	54171	126.5167	43.7	2295	2324	1996	1	2000	12	1703033	4901999
243	54172	126.4667	43.95	1834	1844	1951	1	1995	12	1693117	4928550
244	54181	127.3333	43.7	2950	2945	1951	1	2000	12	1766593	4916268
245	54186	128.2	43.3667	5237	5258	1953	1	2000	12	1842590	4895566
246	54192	130.25	43.7	4666	4666	1957	12	1988	12	1992608	4971492
247	54195	129.7667	43.3333	2417	2424	1989	1	2000	12	1965439	4921969
248	54208	116.4667	42.1833	12454	12470	1952	6	2000	12	932348.3	4600074
249	54213	119.0333	42.95	6318	6330	1956	12	2000	12	1127618	4712280
250	54218	118.9667	42.2667	5711	5725	1951	1	2000	12	1133083	4635396
251	54226	120.7	42.3333	4005	4016	1956	12	2000	12	1271412	4663801
252	54236	122.5333	42.4167	794	842	1952	7	2000	12	1416762	4697879
253	54237	121.65	42.0333	1440	1449	1951	1	2000	12	1353282	4643022
254	54254	124.05	42.5333	982	990	1954	10	2000	12	1535368	4733331
255	54259	124.9167	42.1	2341	2353	1957	1	2000	12	1614023	4699231
256	54263	126.0333	42.9667	3367	3392	1996	1	2000	12	1682679	4813244
257	54266	125.6333	42.5333	3399	3413	1952	6	2000	12	1661206	4758821
258	54273	126.75	42.9833	2633	2639	1956	1	2000	12	1738705	4827417
259	54276	126.8167	42.35	5492	5503	1954	12	2000	12	1759484	4759045
260	54284	127.5667	42.1	7742	7754	1956	12	2000	12	1825287	4745135
261	54285	128.25	42.5333	5914	5916	1957	11	2000	12	1868236	4805335
262	54287	128.0833	42.0167	26230	26339	1958	10	2000	9	1868486	4745609
263	54292	129.4667	42.8833	1768	1782	1953	1	2000	12	1954460	4867006
264	54308	116.6333	41.2167	6597	6608	1956	1	2000	12	958567.9	4493467
265	54311	117.75	41.9333	8428	8440	1951	1	2000	12	1039754	4584871
266	54324	120.45	41.55	1692	1760	1952	5	2000	12	1265008	4573449
267	54326	119.7	41.3833	4217	4254	1952	7	2000	12	1206833	4545536
268	54333	122.8333	41.9833	307	319	1987	1	2000	12	1449463	4654178
269	54335	122.0833	41.6833	375	382	1956	1	2000	12	1394908	4610153
270	54337	121.1167	41.1333	659	702	1951	1	2000	12	1326719	4535760
271	54339	123	41.0833	773	715	1951	1	2000	12	1481157	4556836
272	54342	123.45	41.7333	428	452	1951	1	2000	12	1504223	4635653
273	54346	123.7833	41.3167	1852	1825	1955	5	2000	12	1539907	4594625
274	54351	124.0833	41.9167	1185	1204	1951	1	2000	12	1551282	4665695
275	54363	125.9	41.6833	4029	4043	1951	1	2000	12	1702366	4669696
276	54365	125.35	41.2667	2403	2420	1952	7	2000	12	1667763	4614406
277	54374	126.9167	41.8	3327	3328	1953	1	2000	12	1780982	4700378
278	54377	126.15	41.1	1777	1786	1954	1	2000	12	1736326	4609730
279	54386	128.1667	41.35	10167	10177	1956	12	2000	12	1892488	4674082
280	54401	114.8833	40.7833	7242	7258	1956	1	2000	12	819748.2	4429190
281	54405	115.5	40.4	5368	5416	1954	1	2000	12	875280.1	4391425
282	54416	116.8667	40.3833	716	741	1991	1	2000	12	988921.3	4402383
283	54423	117.9333	40.9667	3772	3740	1951	1	2000	12	1068773	4478758
284	54429	117.95	40.2	549	557	1956	1	2000	12	1081399	4393146
285	54436	118.95	40.4	2272	2285	1957	1	2000	12	1161213	4426812
286	54449	119.6	39.9333	21	33	1954	1	2000	12	1222659	4382467
287	54454	120.35	40.35	153	163	1956	1	2000	12	1277732	4438426
288	54455	120.7	40.5833	88	100	1951	1	2000	12	1302479	4468985
289	54471	122.2667	40.6667	33	43	1951	1	2000	12	1429572	4499825
290	54476	122.15	40.1667	204	379	1952	1	2000	12	1429707	4442552
291	54483	123.9	40.8833	2334	2349	1952	7	1991	6	1558608	4548441
292	54486	123.2833	40.2833	793	808	1952	12	2000	12	1520737	4472347
293	54493	124.7833	40.7167	2601	2615	1954	1	2000	12	1634227	4544203
294	54497	124.3333	40.05	151	139	1951	1	2000	12	1612093	4463044
295	54511	116.2833	39.9333	540	547	1951	1	2000	12	946280.3	4346235
296	54518	116.3833	39.1167	90	106	1957	1	2000	12	965183.4	4255553
297	54527	117.1667	39.1	33	52	1954	1	2000	12	1031516	4261557
298	54534	118.15	39.6667	278	286	1957	1	2000	12	1105957	4335645
299	54539	118.9	39.4167	105	120	1957	1	2000	12	1172574	4316273
300	54563	121.75	39.7333	293	293	1957	1	2000	12	1404900	4388611
301	54575	122.3667	39.4167	432	449	1956	1	1992	12	1462330	4362280
302	54579	122.5833	39.2667	355	337	1995	2	2000	12	1483364	4348809
303	54584	122.95	39.7167	348	359	1956	1	2000	12	1504825	4404350
304	54602	115.5167	38.85	172	189	1955	1	2000	12	895177.8	4217479
305	54606	115.7333	38.2333	189	200	1957	1	2000	12	921064.2	4150158
306	54616	116.8333	38.3333	96	108	1954	1	1995	12	1013689	4172107
307	54618	116.55	38.0833	132	146	1996	1	2000	12	992811.4	4141181
308	54623	117.7167	39	32	108	1954	1	2000	12	1079340	4256193
309	54624	117.35	38.3667	66	76	1960	1	2000	12	1057259	4181243
310	54646	118.4166667	38.45	303	303	2004	1	2007	12	1640639.42	3398586.48
311	54662	121.6333	38.9	915	973	1951	1	2000	12	1410903	4294140
312	54705	115.3833	37.3667	274	286	1958	1	2000	12	901367.9	4049535
313	54714	116.3167	37.4333	212	227	1951	1	1994	12	981203	4065869
314	54715	116.5667	37.3333	186	192	1995	1	2000	12	1004096	4057139
315	54725	117.5333	37.5	113	122	1951	1	2000	12	1085204	4086016
316	54736	118.85	37.2667	44	88	1954	1	2000	12	1202173	4075042
317	54744	118.5333333	37.6	85	85	2006	1	2007	12	-1207861.48	3417135.46
318	54751	120.7167	37.9333	397	430	1961	1	2000	12	1351048	4173573
319	54753	120.3167	37.6167	48	48	1957	1	2000	12	1322440	4132833
320	54764	121.25	37.5	326	339	1995	2	2000	12	1404470	4132624
321	54765	121.4	37.5333	467	478	1951	1	1991	12	1416698	4138469
322	54774	122.1333	37.4833	466	450	1959	1	2000	12	1480398	4143596
323	54776	122.6833	37.4	477	475	1952	1	2000	12	1529092	4142660
324	54808	115.5833	36.0333	427	470	1957	1	2000	12	934701.3	3901497
325	54823	116.9833	36.6833	516	578	1951	1	2000	12	1048935	3988482
326	54824	117.95	36.6333	950	984	1995	1	2000	12	1133826	3993501
327	54826	117.1	36.25	15337	15365	1954	1	2000	12	1065054	3941106
328	54827	117.15	36.1667	1288	1340	1951	1	1991	12	1070583	3932299
329	54830	118	36.8333	340	388	1951	3	1994	12	1135227	4016489
330	54836	118.15	36.1833	3045	3016	1958	1	2000	12	1157953	3945383
331	54843	119.0833	36.7	441	514	1951	1	2000	12	1231346	4014471
332	54852	120.7	36.9333	305	353	1952	1	2000	12	1367427	4061709
333	54857	120.3333	36.0667	760	772	1961	1	2000	12	1350814	3959926
334	54863	121.1667	36.7667	652	639	1959	1	2000	12	1410774	4049648
335	54868	121.3833	36.2667	705	684	1960	2	1984	12	1438789	3996995
336	54871	122.4333	36.8667	337	341	1953	2	2000	12	1518231	4079475
337	54906	115.4333	35.25	497	508	1954	1	1994	12	930787.1	3812071
338	54909	115.55	35.1	505	517	1995	1	2000	12	942957.2	3796321
339	54916	116.85	35.5667	517	530	1951	1	2000	12	1052350	3861779
340	54929	117.95	35.25	1209	1205	1998	1	2000	12	1154160	3838499
341	54936	118.8333	35.5833	1074	1086	1951	1	2000	12	1227159	3886409
342	54938	118.35	35.05	879	865	1951	1	1997	12	1192627	3820831
343	54945	119.5333	35.3833	161	228	1955	1	2000	12	1292120	3872922
344	54952	120.85	35.8833	445	428	1984	1	1988	8	1399248	3946610
345	55228	80.0833	32.5	42780	42793	1961	1	2000	12	-2280753	3740524
346	55248	84.4167	32.15	44149	44158	1973	1	2000	12	-1898524	3610899
347	55279	90.0167	31.3833	47000	47010	1956	10	2000	12	-1399647	3432915
348	55294	91.1	32.35	48000	48010	1965	11	2000	12	-1283955	3525940
349	55299	92.0667	31.4833	45070	45080	1954	7	2000	12	-1207859	3417131
350	55437	81.25	30.2833	39000	39011	1973	1	2000	12	-2235130	3472118
351	55472	88.6333	30.95	46720	46739	1960	4	2000	12	-1535748	3405253
352	55493	91.1	30.4833	42000	42011	1962	8	2000	12	-1313256	3318029
353	55569	87.6	29.0833	40000	40011	1977	7	2000	12	-1668260	3215509
354	55572	89.1	29.6833	40000	40000	1998	1	2000	12	-1515014	3257752
355	55578	88.8833	29.25	38360	38374	1955	12	2000	12	-1543330	3213158
356	55585	90.1667	29.4333	38094	38109	1973	7	2000	12	-1418330	3214304
357	55589	90.9833	29.3	35550	35550	1998	1	2000	12	-1342885	3188170
358	55591	91.0333	29.7167	36580	36590	1955	1	2000	12	-1331578	3233738
359	55593	91.7333	29.85	38040	38050	1998	1	2000	12	-1263257	3239399
360	55597	91.68333333	29.03333333	37410	37410	2006	1	2007	12	594940.95	3562471.32
361	55598	91.7667	29.25	35517	35532	1956	9	2000	12	-1269034	3172316
362	55655	85.9667	28.1833	38100	38110	1966	7	2000	12	-1842200	3145393
363	55664	87.0833	28.6333	43000	43017	1959	1	2000	12	-1726309	3174771
364	55680	89.6	28.9167	40400	40410	1956	11	2000	12	-1481029	3165388
365	55681	90.4	28.9667	44317	0	1998	1	2000	12	-1403843	3159298
366	55690	91.95	27.9833	42800	42810	1967	1	2000	12	-1270130	3029516
367	55696	92.4667	28.4167	38600	38610	1959	7	2000	12	-1214015	3071085
368	55773	89.0833	27.7333	43000	43012	1956	2	2000	12	-1551419	3042633
369	56004	92.4333	34.2167	45331	45343	1956	10	2000	12	-1134916	3718348
370	56016	95.6	33.85	41790	41810	1961	10	1990	12	-853839.5	3645488
371	56018	95.3	32.9	40664	40685	1956	10	2000	12	-891455.9	3541472
372	56021	95.4833	34.55	42312	42322	1956	7	2000	12	-856844.6	3725153
373	56029	97.0167	33.0167	36812	36822	1951	10	2000	12	-733006.9	3540531
374	56033	98.2167	34.9167	42723	42733	1953	1	2000	12	-608373.8	3746259
375	56034	97.1333	33.8	44154	44175	1956	9	2000	12	-715330.3	3627749
376	56038	98.1	32.9833	42000	42010	1960	10	2000	12	-633975.5	3529318
377	56041	99.2	34.2667	42111	42122	1959	9	1997	12	-524579.1	3667396
378	56043	100.25	34.4667	37190	37205	1991	1	2000	12	-428612.6	3684905
379	56046	99.65	33.75	39675	39685	1956	1	2000	12	-487060.7	3606879
380	56065	101.6	34.7333	35000	35010	1959	5	2000	12	-305822.8	3709991
381	56067	101.4833	33.4333	36285	36300	1958	12	2000	12	-321511.7	3563718
382	56074	102.0833	34	34714	34732	1967	1	2000	12	-264796.5	3625855
383	56075	102.6333	34.0833	33627	33606	1957	1	1988	12	-214650.2	3633925
384	56079	102.9667	33.5833	34396	34411	1957	1	2000	12	-185572.5	3576845
385	56080	102.9	35	29100	29105	1957	7	2000	12	-188276	3736868
386	56093	104.0167	34.4333	23150	23158	1951	1	2000	12	-88797	3671318
387	56096	104.9167	33.4	10791	10817	1951	1	2000	12	-7620.2	3554271
388	56106	93.7833	31.8833	40228	40238	1956	11	2000	12	-1043204	3442352
389	56109	93.7833	31.4833	39400	39400	1998	1	2000	12	-1048278	3397626
390	56116	95.6	31.4167	38731	38740	1954	1	2000	12	-879760.6	3372534
391	56125	96.4833	32.2	36437	36452	1956	6	2000	12	-789750.9	3452912
392	56128	96.6	31.2167	38100	38100	1998	1	2000	12	-788306.6	3341730
393	56132	98	30.4667	32421	32435	1960	1	1981	7	-663099.1	3247468
394	56137	97.1667	31.15	33060	33070	1954	1	2000	12	-735829.3	3329905
395	56144	98.5667	31.7333	32012	31993	1956	12	2000	12	-600274.1	3385931
396	56146	100	31.6167	33935	33942	1951	1	2000	12	-467326.8	3365125
397	56151	100.75	32.9333	37500	37510	1960	2	2000	12	-390928.5	3510010
398	56152	100.3333	32.2833	38939	38958	1961	1	2000	12	-432672.6	3438569
399	56167	101.1167	30.9833	29572	29587	1957	2	2000	12	-365800.5	3289277
400	56171	101.7	32.9	32751	32766	1954	4	1991	6	-303706.3	3502936
401	56172	102.2333	31.9	26644	26659	1953	4	2000	12	-257778.1	3388830
402	56173	102.55	32.8	34916	34927	1960	5	2000	12	-225775.2	3489402
403	56178	102.35	31	23692	23686	1951	12	2000	12	-249609.7	3287330
404	56182	103.5667	32.65	28507	28521	1951	1	2000	12	-132335.8	3470666
405	56187	103.8333333	30.7	5393	5393	2004	1	2007	12	357359.60	3734516.71
406	56188	103.6667	30.9833	7067	7070	1954	7	2000	12	-125622.7	3282965
407	56193	104.5167	32.4167	8765	8774	1951	10	2000	12	-44752.2	3443534
408	56196	104.6833	31.4667	4708	4723	1954	1	2000	12	-29667.1	3336526
409	56202	93.2833	30.6667	44888	44898	1954	11	2000	12	-1105603	3311861
410	56223	91.8333	30.75	36400	36410	1992	1	2000	12	-1240431	3338278
411	56227	95.7667	29.8667	27360	27370	1955	1	2000	12	-880373.4	3197711
412	56228	96.9167	30.05	32600	32600	1998	1	2000	12	-769310.8	3208642
413	56247	99.1	30	25892	25891	1952	9	2000	12	-562143.4	3188405
414	56251	100.3167	30.9333	30000	29992	1959	10	2000	12	-441372.6	3286914
415	56257	100.2667	30	39489	39505	1952	5	2000	12	-451076.4	3182452
416	56265	101.4833	30.4833	34490	34518	1952	7	1981	7	-333272	3231849
417	56287	103	29.9833	6276	6294	1951	1	2000	12	-190694.1	3171744
418	56294	104.0167	30.6667	5061	5073	1951	1	2000	12	-92999.6	3247006
419	56298	104.65	30.1167	3570	3584	1957	1	1991	6	-33320.7	3184850
420	56307	92.5833	29.15	32600	32600	1998	1	2000	12	-1192544	3151085
421	56312	94.4667	29.5667	30000	30010	1954	1	2000	12	-1007451	3176597
422	56317	94.2167	29.2167	29500	29500	1998	1	2000	12	-1035521	3140176
423	56331	97.8333	29.6667	37800	37810	1978	1	2000	12	-685337.8	3159061
424	56342	98.6	29.6833	38700	38700	1998	1	2000	12	-612007.4	3155909
425	56357	100.3	29.05	37277	37286	1957	1	2000	12	-452944.1	3075938
426	56374	101.9667	30.05	26157	26155	1951	11	2000	12	-288962.4	3181721
427	56376	102.6833	29.35	7959	7981	1951	1	1991	6	-222542.5	3101414
428	56385	103.3333	29.5167	30474	30486	1951	1	2000	12	-159796.8	3118841
429	56386	103.75	29.5667	4242	4221	1951	1	2000	12	-119776.9	3123858
430	56434	97.4667	28.65	23276	23310	1966	1	2000	12	-728961.3	3048116
431	56441	99.2833	28.7167	24229	24243	1960	1	1991	6	-552973	3043833
432	56444	98.8833	28.45	34850	34880	1953	8	2000	12	-593454.4	3016364
433	56459	100.8333	28.1333	26666	26665	1959	6	2000	12	-405884.2	2971195
434	56462	101.5	29	29873	29937	1952	7	2000	12	-337552.5	3065567
435	56475	102.5167	28.65	16590	16601	1953	4	2000	12	-240502.5	3023454
436	56479	102.85	28	21324	21337	1956	12	2000	12	-209802.2	2950056
437	56485	103.5833	28.2667	14749	14758	1952	7	2000	12	-137826	2978568
438	56492	104.6	28.8	3408	3416	1951	1	2000	12	-38675.7	3037307
439	56533	98.6667	27.75	15913	15957	1958	1	2000	12	-619426.8	2939632
440	56543	99.7	27.8333	32761	32765	1958	1	2000	12	-517974.8	2942997
441	56548	99.2833	27.1667	23256	23245	1954	4	2000	12	-562935.2	2871014
442	56565	101.5167	27.4333	25450	25450	1956	12	2000	12	-342084.2	2890531
443	56571	102.2667	27.9	15909	15924	1951	1	2000	12	-267016.3	2940292
444	56586	103.7167	27.35	19495	19500	1951	1	2000	12	-126171.6	2876054
445	56643	98.85	25.86666667	59100	59100	2003	1	2007	12	-189536.68	3885710.42
446	56651	100.2167	26.8667	23932	23944	1951	1	2000	12	-472709.7	2832766
447	56664	101.2667	26.6333	12448	12420	1956	12	2000	12	-369975.9	2802347
448	56666	101.7167	26.5833	11901	11915	1988	1	2000	12	-325581.9	2795209
449	56671	102.25	26.65	17871	17886	1952	6	2000	12	-272507.3	2801023
450	56674	101.7333	26.5	11080	11117	1971	1	1987	12	-324241.2	2785890
451	56684	103.2833	26.4167	21095	21108	1952	10	2000	12	-170575.8	2772763
452	56691	104.2833	26.8667	22375	22392	1951	1	2000	12	-70854.4	2821632
453	56739	98.5	25.0167	16546	16550	1951	1	2000	12	-655596.9	2637339
454	56741	98.8167	25.9833	18049	18072	1957	1	2000	12	-617021.7	2742328
455	56748	99.1667	25.1167	16535	16551	1951	1	2000	12	-587783.8	2644223
456	56751	100.1833	25.7	19905	19916	1951	1	2000	12	-482299.6	2703347
457	56763	101.8667	25.7333	11202	11211	1955	11	2000	12	-313693.7	2700292
458	56768	101.5333	25.0167	17720	17730	1951	3	2000	12	-349833.6	2621979
459	56778	102.6833	25.0167	18914	18968	1951	1	2000	12	-233811	2618598
460	56786	103.8333	25.5833	18987	19001	1951	1	2000	12	-117018	2679380
461	56793	104.6167	25.7833	15152	15169	1951	1	2000	12	-38359.4	2700968
462	56838	97.85	24.0167	7766	7764	1957	1	2000	12	-729007.3	2531527
463	56856	100.8667	24.4667	11623	11635	1955	12	2000	12	-419600.3	2563729
464	56875	102.55	24.35	16367	16370	1951	1	2000	12	-249081.4	2545164
465	56880	103.1667	24.9167	15321	15329	1958	11	1991	5	-185234.5	2606504
466	56886	103.7667	24.5333	17043	17051	1958	1	2000	12	-125142.3	2563137
467	56945	99.0833	23.5667	5114	5114	1954	12	1990	12	-606383.2	2473684
468	56946	99.4	23.55	11044	11054	1990	1	2000	12	-574064.5	2469962
469	56951	100.0833	23.8833	15024	15031	1953	4	2000	12	-502259.8	2502976
470	56954	99.9333	22.5667	10548	10544	1954	1	2000	12	-524966.6	2358937
471	56959	100.8	22	5527	5536	1953	8	2000	12	-437856	2292598
472	56964	100.9667	22.7833	13021	13029	1951	11	2000	12	-416994.3	2377818
473	56966	101.9833	23.6	4009	4021	1953	8	2000	12	-309195.6	2463979
474	56969	101.5667	21.4833	6319	6332	1956	12	2000	12	-359918.7	2232957
475	56977	101.85	22.5833	11195	11208	1957	1	2000	12	-326404.1	2352541
476	56985	103.3833	23.3833	13007	13053	1951	1	2000	12	-166110.1	2436746
477	56986	103.6833	22.9833	14141	14121	1954	5	2000	12	-135872.8	2392248
478	56991	104.3333333	23.61666667	15611	15611	2002	1	2007	12	1438792.24	3996991.75
479	56994	104.25	23.3833	12716	12729	1955	11	2000	12	-77062.5	2435685
480	57006	105.75	34.5833	11417	11426	1951	1	2000	12	67601.4	3688071
481	57014	105.8666667	34.56666667	10852	10852	2004	1	2007	12	-294119.97	4009249.73
482	57016	107.1333	34.35	6124	6136	1951	9	2000	12	192838.5	3663545
483	57025	107.3833333	34.51666667	7811	7811	2005	1	2007	12	1135226.53	4016491.93
484	57034	108.2167	34.25	4478	4491	1954	4	2000	12	291108.7	3654900
485	57036	108.9333	34.3	3975	3986	1951	1	2000	12	355705.9	3662875
486	57037	108.9833	34.9333	7100	7100	2000	1	2000	12	357357	3734513
487	57046	110.0833	34.4833	20649	20579	1953	1	2000	12	458566.1	3688266
488	57051	111.2	34.8	4101	4118	1957	1	2000	12	556952.8	3729684
489	57067	111.0333	34.05	5688	5699	1952	7	2000	12	547139.9	3644238
490	57071	112.4333	34.8333	3233	3246	1961	1	2000	12	667270.2	3741040
491	57073	112.4667	34.6333	1371	1379	1951	1	1991	6	671960.1	3718742
492	57077	111.6	33.7833	7501	7515	1957	1	2000	12	600458.6	3617476
493	57083	113.65	34.7167	1104	1113	1951	1	2000	12	777380	3736767
494	57089	113.85	34.0167	668	677	1952	7	2000	12	802342.3	3659634
495	57091	114.3833	34.7667	725	737	1951	1	2000	12	842560.4	3748373
496	57106	106.15	33.3167	7942	7973	1953	1	2000	12	105310	3545482
497	57127	107.0333	33.0667	5084	5093	1951	1	2000	12	186765.7	3518594
498	57131	108.9666667	34.43333333	4100	4100	2006	1	2007	12	652396.40	4074274.80
499	57134	107.9833	33.5333	10877	10886	1957	1	2000	12	272423	3573397
500	57143	109.9667	33.8667	7422	7438	1953	3	2000	12	451537	3618218
501	57144	109.15	33.4333	6937	6936	1957	10	2000	12	379379.6	3565954
502	57156	111.5	33.3	2503	2520	1957	1	2000	12	594940.9	3562471
503	57178	112.5833	33.0333	1292	1303	1952	7	2000	12	696210.3	3539517
504	57181	113.05	33.8833	1364	1375	1957	1	2000	12	731200.9	3638455
505	57193	114.5167	33.7833	526	535	1954	1	2000	12	865127.8	3639006
506	57206	105.85	32.4333	4924	4948	1951	1	2000	12	78690.9	3445632
507	57232	108.2667	33.05	4849	4850	1959	8	2000	12	300086.2	3519736
508	57237	108.0333	32.0667	6740	6740	1952	6	2000	12	282037.2	3408315
509	57245	109.0333	32.7167	2908	2912	1952	10	2000	12	371998.7	3484785
510	57251	110.4167	33	2491	2499	1989	1	2000	12	497740.3	3522743
511	57253	110.8167	32.85	2019	2040	1952	7	1991	6	535446	3507942
512	57259	110.7333	32.05	4344	4352	1958	1	2000	12	532978.7	3417519
513	57265	111.6667	32.3833	900	910	1951	1	2000	12	617109.6	3460390
514	57279	112.75	32.15	1255	1268	1957	2	2000	12	719245.7	3441473
515	57290	114.0167	33	827	838	1958	1	2000	12	827816.1	3546778
516	57297	114.05	32.1333	1145	1151	1951	1	2000	12	839754.6	3449806
517	57306	105.9667	31.5833	3826	3854	1958	1	2000	12	90426.1	3350037
518	57313	106.7667	31.85	3589	3600	1952	6	2000	12	164719.2	3381076
519	57328	107.5	31.2	3104	3112	1951	1	2000	12	234917.6	3309441
520	57348	109.5	31.05	6073	6083	1954	1	2000	12	423515.8	3299219
521	57355	110.4	31.0667	2945	2956	1952	7	2000	12	508040.4	3305316
522	57378	112.5667	31.1667	658	662	1952	8	2000	12	710692.9	3329835
523	57385	113.8167	31.6167	933	946	1956	10	2000	12	823321.7	3389936
524	57399	115.0167	31.1833	593	590	1959	1	2000	12	939932.3	3352062
525	57405	105.5833	30.5	2782	2795	1951	1	2000	12	55278.4	3227984
526	57411	106.1	30.7833	3093	3097	1951	1	2000	12	103891.4	3260221
527	57426	107.8	30.6833	4546	4546	1951	11	2000	12	264738.6	3252144
528	57432	108.4	30.7667	1867	1888	1954	9	2000	12	321127	3263280
529	57447	109.4667	30.2833	4571	4580	1951	1	2000	12	424257.3	3213036
530	57451	110.2333	30.7833	18193	18179	1957	1	1997	12	494049.8	3272670
531	57458	110.6833	30.1833	9084	9062	1957	2	2000	12	540342.2	3207736
532	57461	111.3	30.7	1331	1343	1951	8	2000	12	595221.8	3269178
533	57462	111.0833	30.8667	1399	1382	1998	1	2000	12	573626.6	3286597
534	57476	112.1833	30.3333	326	337	1953	6	2000	12	681515.3	3233769
535	57483	113.1667	30.6667	341	350	1954	6	2000	12	771541.7	3278296
536	57494	114.1333	30.6167	233	270	1951	1	2000	12	863132.1	3280659
537	57503	105.1166667	29.61666667	3497	3497	2002	1	2007	12	-281405.57	4216155.30
538	57504	105.05	29.5833	3471	3524	1951	1	2000	12	4790.6	3124966
539	57515	106.4833	29.5167	3511	3515	1965	1	1986	12	142214.2	3118562
540	57516	106.4667	29.5833	2591	2604	1951	1	2000	12	140512.3	3126002
541	57522	107.4167	29.75	2735	2741	1952	10	2000	12	231055.2	3146467
542	57537	108.1667	29.3	3106	3117	1951	1	1991	6	304348	3098070
543	57545	109.4167	29.5167	4595	4604	1953	2	2000	12	423336.1	3126917
544	57554	110.1667	29.4	3222	3222	1957	11	2000	12	495842.9	3117325
545	57562	111.3667	29.5833	1169	1150	1959	7	2000	12	609545.8	3144516
546	57574	112.4	29.3667	360	354	1959	1	2000	12	710111.1	3127166
547	57583	113.9167	29.9833	360	363	1956	11	2000	12	849096.1	3207979
548	57584	113.0833	29.3833	530	536	1952	7	2000	12	775390.7	3134132
549	57598	114.5833	29.0333	1468	1474	1952	7	2000	12	922644.6	3107910
550	57602	105.4333	28.8833	3348	3350	1951	1	2000	12	41854.2	3046644
551	57604	105.3833333	28.78333333	3688	3688	2003	1	2007	12	419221.27	4291637.75
552	57606	106.8333	28.1333	9720	9720	1951	1	2000	12	178626.3	2964326
553	57608	105.4333	28.1667	3775	3792	1957	2	2000	12	42204	2966501
554	57614	106.2167	28.3333	11802	11813	1958	1	2000	12	118278.1	2985754
555	57622	107.15	28.95	19059	19069	1954	1	1994	12	207501.8	3056266
556	57633	108.7667	28.8	6637	6649	1951	1	2000	12	364111.3	3044138
557	57649	109.7333	28.3167	2066	2044	1957	10	2000	12	460061	2994142
558	57655	110.4	28.4667	1516	1523	1952	7	2000	12	523890.5	3014195
559	57662	111.6833	29.05	350	346	1951	1	2000	12	643831.1	3086894
560	57669	111.2167	28.3833	1283	1294	1954	5	2000	12	603610.5	3009523
561	57671	112.3667	28.85	360	355	1955	1	2000	12	711210.8	3069224
562	57679	113.0833	28.2	449	457	1951	1	1986	12	786160.2	3002152
563	57682	113.5667	28.7167	1063	1055	1956	11	2000	12	828082.1	3063657
564	57687	112.9167	28.2167	680	655	1987	1	2000	12	769843.6	3002706
565	57707	105.2833	27.3	15106	15144	1951	1	2000	12	27870.4	2869703
566	57713	106.8833	27.7	8439	8449	1951	1	2000	12	184415.6	2916036
567	57722	107.4667	27.7667	7918	7929	1951	1	2000	12	241347.4	2924731
568	57731	108.25	27.95	4163	4177	1951	1	2000	12	317293.5	2947394
569	57741	109.1833	27.7167	2797	2805	1951	1	2000	12	409459.5	2924779
570	57745	109.6833	27.45	2722	2729	1951	1	2000	12	459768.2	2897238
571	57765	110.4167	27.3333	14049	14012	1973	1	1989	12	532411.3	2887904
572	57766	111.4667	27.2333	2486	2482	1951	1	2000	12	636207.6	2882953
573	57774	112.1667	27.45	1000	984	1956	10	2000	12	703218.9	2911784
574	57776	112.7	27.3	12659	12680	1952	11	2000	12	756742.2	2899023
575	57780	113.1667	27.8667	7510	729	1987	1	2000	12	797312.9	2965709
576	57793	114.3833	27.8	1313	1282	1952	7	2000	12	916461.1	2968791
577	57799	114.9667	27.1167	764	780	1951	8	2000	12	980894.1	2898506
578	57803	106.0167	27.0333	12518	12525	1956	6	2000	12	100322.5	2840449
579	57806	105.9167	26.25	13929	13941	1951	1	2000	12	91260.5	2753171
580	57816	106.7167	26.5833	10743	10743	1951	1	2000	12	170255.3	2791297
581	57825	107.9833	26.6	7203	7226	1958	1	2000	12	295786.3	2796128
582	57832	108.6667	26.9667	6105	6113	1958	1	2000	12	362008.3	2839201
583	57845	109.7833	26.1667	3975	3969	1956	11	2000	12	476460.8	2754969
584	57853	110.6333	26.7333	3410	3401	1952	7	2000	12	557469.8	2822341
585	57866	111.6167	26.2333	1726	1732	1951	1	2000	12	658358	2772839
586	57872	112.6	26.9	1032	1028	1951	1	2000	12	750343	2853819
587	57874	112.4	26.4167	1166	1164	1987	1	2000	12	734640.6	2798680
588	57883	113.9667	26.7167	2631	2592	1957	1	1998	12	886778.3	2844746
589	57894	114.1667	26.5833	8430	8430	1999	1	2000	12	907871.6	2831767
590	57896	114.5	26.3333	1261	1253	1951	1	2000	12	943439.7	2807185
591	57902	105.1833	25.4333	13785	13793	1951	1	2000	12	18415.4	2662068
592	57906	106.0833	25.1833	5668	5670	1959	1	2000	12	109137.1	2634926
593	57916	106.7667	25.4333	4403	4415	1951	2	2000	12	177487.5	2663630
594	57922	107.55	25.8333	10133	10123	1951	1	2000	12	255025.4	2709721
595	57932	108.5333	25.9667	2857	2874	1953	2	2000	12	352802	2727542
596	57947	109.4	25.2167	1213	1221	1957	1	2000	12	442978.8	2647851
597	57957	110.3	25.3167	1644	1662	1951	1	2000	12	532917.8	2663348
598	57965	111.6	25.5333	1922	1910	1959	8	2000	12	661863.4	2695152
599	57972	113.0333	25.8	1849	1838	1951	8	2000	12	802920.1	2735250
600	57993	114.95	25.85	1238	1247	1951	1	2000	12	993356.3	2758120
601	57996	114.3167	25.1333	1338	1349	1954	9	2000	12	937774.1	2672823
602	58005	115.6667	34.45	501	510	1953	8	2000	12	961219.7	3724450
603	58015	116.3333	34.4167	432	509	1954	10	2000	12	1021464	3727369
604	58027	117.15	34.2833	410	420	1960	1	2000	12	1096556	3721125
605	58040	119.1167	34.8333	21	98	1957	1	2000	12	1264139	3806074
606	58102	115.7667	33.8667	377	418	1953	1	2000	12	977322.3	3659967
607	58122	116.9833	33.6333	259	269	1952	9	2000	12	1090418	3646473
608	58138	118.5167	32.9833	345	363	1957	1	2000	12	1239085	3591757
609	58141	119.0166667	33.63333333	144	144	2001	1	2007	12	1558607.66	4548445.01
610	58144	119.0333	33.6	175	186	1951	1	2000	12	1276334	3667184
611	58150	120.25	33.7667	20	67	1954	1	2000	12	1383279	3702085
612	58203	115.8167	32.9167	306	386	1953	1	2000	12	993494.3	3553945
613	58208	115.6667	32.1667	571	579	1952	7	2000	12	988832	3468437
614	58215	116.7833	32.55	227	235	1955	1	2000	12	1086768	3523011
615	58221	117.3833	32.95	187	260	1951	9	2000	12	1136217	3574477
616	58236	118.3	32.3	253	329	1951	6	2000	12	1229625	3512765
617	58238	118.8	32	89	125	1951	1	2000	12	1280239	3485616
618	58241	119.45	32.8	54	100	1954	5	2000	12	1327053	3583361
619	58251	120.3167	32.8667	43	51	1953	1	2000	12	1404879	3602720
620	58259	120.85	32.0167	53	58	1951	1	2000	12	1468607	3515856
621	58265	121.6	32.0667	55	97	1957	1	2000	12	1536529	3532762
622	58311	116.5	31.75	605	604	1955	11	2000	12	1071170	3430463
623	58314	116.3167	31.4	681	727	1954	1	2000	12	1058650	3389377
624	58319	116.95	31.0667	854	818	1991	1	2000	12	1122115	3359110
625	58321	117.2333	31.8667	279	365	1952	8	2000	12	1137523	3451661
626	58326	117.8667	31.6167	224	310	1956	10	2000	12	1199734	3431206
627	58334	118.3667	31.3333	148	202	1952	1	1985	12	1250358	3405772
628	58338	118.5833	31.15	211	203	1986	1	2000	12	1273305	3388103
629	58343	119.9333	31.7667	49	58	1952	1	2000	12	1388547	3474861
630	58345	119.4833	31.4333	72	81	1953	1	2000	12	1352460	3431547
631	58358	120.4333	31.0667	175	187	1956	1	2000	12	1446861	3404182
632	58362	121.4833	31.4	3560	83	1991	1	2000	12	1538227	3456964
633	58367	121.4333	31.1667	28	70	1951	1	1998	12	1537926	3430312
634	58402	115.6667	30.7333	1238	1259	1956	11	2000	12	1006122	3308128
635	58407	115.05	30.25	196	206	1954	1	2000	12	953642.6	3248061
636	58424	117.05	30.5333	198	196	1951	1	2000	12	1138716	3300751
637	58436	118.9833	30.6167	894	890	1956	8	2000	12	1318971	3333969
638	58437	118.15	30.1333	18404	18363	1956	1	2000	12	1248013	3269427
639	58445	119.4167	30.35	15059	15029	1956	1	1998	4	1363902	3310180
640	58457	120.1667	30.2333	417	432	1951	1	2000	12	1436310	3307801
641	58464	121.0833	30.6167	54	109	1954	1	2000	12	1515431	3363946
642	58467	121.2167	30.2667	71	81	1954	1	2000	12	1534280	3327213
643	58472	122.45	30.7333	796	812	1959	1	2000	12	1640640	3398583
644	58473	122.8167	30.7333	1246	1235	1976	4	1990	12	1674751	3404706
645	58477	122.1	30.0333	357	366	1955	1	2000	12	1621533	3315425
646	58502	116	29.7333	361	371	1951	1	1991	12	1049844	3200001
647	58506	115.9833	29.5833	11645	11653	1954	12	2000	12	1050114	3183110
648	58519	116.6833	29	401	408	1954	12	2000	12	1124413	3125853
649	58527	117.2	29.3	615	629	1952	7	2000	12	1169777	3165180
650	58531	118.2833	29.7167	1427	1453	1953	1	2000	12	1266823	3224795
651	58543	119.0167	29.6167	1714	0	1998	1	2000	12	1337891	3223309
652	58549	119.65	29.1167	626	647	1953	1	2000	12	1406147	3176619
653	58556	120.8167	29.6	1043	1076	1953	1	2000	12	1508626	3247263
654	58562	121.5667	29.8667	42	52	1953	1	2000	12	1574545	3288419
655	58569	121.95	29.2	1284	1280	1956	1	2000	12	1623320	3220924
656	58606	115.9167	28.6	467	457	1951	1	2000	12	1055855	3072961
657	58608	115.55	28.0667	304	304	1957	1	2000	12	1026848	3009846
658	58626	117.2167	28.3	512	517	1952	7	2000	12	1185106	3054314
659	58633	118.8667	28.9667	669	671	1951	1	2000	12	1333805	3149188
660	58634	118.25	28.6833	1163	1137	1951	1	2000	12	1279068	3109651
661	58646	119.9167	28.45	608	618	1953	1	2000	12	1442722	3106664
662	58647	119.1333	28.0833	1984	1996	1953	1	2000	12	1373294	3055005
663	58653	120.9167	28.8167	13831	13836	1956	1	1994	8	1532088	3162175
664	58659	120.6667	28	60	71	1951	1	2000	12	1522576	3068167
665	58660	121.1333	28.85	77	89	1995	1	2000	12	1552152	3169218
666	58665	121.4167	28.6167	13	22	1951	1	2000	12	1583467	3147938
667	58666	121.9	28.45	862	844	1958	1	2000	12	1632797	3137384
668	58667	121.2667	28.0833	959	929	1957	1	2000	12	1578856	3086724
669	58715	116.65	27.5833	808	819	1952	7	2000	12	1139762	2968212
670	58725	117.4667	27.3333	1915	1924	1956	11	2000	12	1222749	2950248
671	58726	117.8333	27.95	14019	14023	1955	10	1991	12	1249636	3023078
672	58730	118.0333	27.7667	52221	2202	1992	1	2000	12	1271680	3005324
673	58731	118.5333	27.9167	2769	2748	1951	1	2000	12	1317893	3028444
674	58734	118.1167	27.3333	1969	1961	1961	1	1991	12	1286140	2958461
675	58737	118.3167	27.05	1549	1559	1955	4	2000	12	1309857	2929775
676	58752	120.65	27.78333333	397	397	2001	7	2007	12	719422.91	4852709.42
677	58754	120.2	27.3333	362	376	1953	1	2000	12	1488927	2987578
678	58760	121.15	27.8333	686	688	1995	1	2000	12	1572151	3057322
679	58765	121.2	27.6333	423	406	1982	10	1994	12	1580602	3036086
680	58813	116.3333	26.85	1438	1416	1954	1	2000	12	1118226	2883411
681	58820	117.1667	26.9	3429	3452	1955	10	2000	12	1199377	2898668
682	58834	118.1667	26.65	1256	1266	1951	1	2000	12	1301081	2883650
683	58846	119.5167	26.6667	324	329	1993	1	2000	12	1433304	2904082
684	58847	119.2833	26.0833	838	854	1957	1	2000	12	1419723	2836522
685	58853	120.7	27	1066	1085	1963	11	1992	11	1543353	2958511
686	58911	116.3667	25.85	3100	3112	1951	1	2000	12	1134213	2773300
687	58918	116.4167	25.05	1979	1990	1956	12	2000	12	1149363	2685717
688	58921	117.35	25.9667	2060	2059	1951	1	2000	12	1230236	2797879
689	58926	117.4167	25.3	2053	2030	1993	7	2000	12	1246076	2725291
690	58927	117.0333	25.1	3423	3415	1951	1	1993	6	1210472	2698547
691	58931	118.1	25.7167	16535	16511	1955	9	2000	12	1308177	2779931
692	58933	118.9833	26.9167	8695	8705	1959	1	2000	12	1377086	2924085
693	58944	119.7833	25.5167	324	309	1954	1	2000	12	1478394	2781576
694	59007	105.0667	24.0667	12496	12514	1953	8	2000	12	6803.2	2510789
695	59021	107.0333	24.55	4846	4858	1958	1	2000	12	206271.3	2566319
696	59023	108.05	24.7	2110	2112	1955	1	2000	12	308875.1	2585548
697	59037	108.1	23.9333	1708	1722	1953	1	2000	12	316582.3	2500999
698	59046	109.4	24.35	968	978	1951	1	2000	12	447229.5	2552002
699	59058	110.5167	24.2	1457	1470	1954	1	2000	12	561549.9	2541118
700	59065	111.5167	24.4167	1088	1093	1957	1	2000	12	661634.7	2571187
701	59072	112.3833	24.7833	976	981	1952	7	2000	12	746453.5	2617792
702	59082	113.5833	24.8	693	685	1951	1	2000	12	867332.7	2629388
703	59087	113.5333	23.8667	678	684	1956	10	2000	12	871149.7	2526166
704	59096	114.4833	24.3667	2145	2145	1952	7	2000	12	962585.1	2589944
705	59102	115.65	24.95	3039	3027	1955	11	2000	12	1073669	2666124
706	59117	116.1	24.2667	878	893	1952	7	2000	12	1127284	2595966
707	59126	117.65	24.5	289	294	1954	1	2000	12	1280620	2640373
708	59133	118.9167	24.9	218	221	1954	1	2000	12	1401867	2701359
709	59134	118.0667	24.4833	1394	1383	1958	1	2000	12	1322808	2644005
710	59209	105.8333	23.4167	7936	7947	1958	1	2000	12	85590.3	2439434
711	59211	106.6	23.9	1735	1759	1951	1	2000	12	163476	2493697
712	59218	106.4167	23.1333	7394	7402	1957	1	2000	12	145955.5	2408899
713	59224	107.1167	23.6	1112	1158	1954	1	1987	12	216967.2	2461594
714	59228	107.5833	23.3167	1088	1126	1988	1	2000	12	265597.4	2431511
715	59242	109.2333	23.75	849	852	1957	1	2000	12	433120.4	2485062
716	59254	110.0833	23.4	425	441	1953	1	2000	12	521991.6	2450600
717	59265	111.3	23.4833	1148	1165	1951	1	2000	12	646198.4	2466924
718	59271	112.4333	23.6333	568	555	1956	9	2000	12	761003.7	2491456
719	59278	112.4667	23.05	71	124	1953	6	2000	12	769245.6	2427628
720	59287	113.3167	23.1333	66	76	1951	7	2000	12	855854.5	2443726
721	59293	114.6833	23.7333	406	408	1952	7	2000	12	989633.7	2522284
722	59294	113.8167	23.3	88	95	1958	12	2000	12	905548.8	2466451
723	59298	114.4167	23.0833	224	220	1952	7	2000	12	969254.6	2448354
724	59303	115.7667	23.9333	1209	1222	1956	9	2000	12	1097556	2555628
725	59316	116.6833	23.4	11	73	1951	1	2000	12	1197485	2507775
726	59317	116.3	23.0333	129	139	1955	8	2000	12	1162959	2463104
727	59321	117.5	23.7833	533	544	1954	1	2000	12	1275458	2559901
728	59324	117.0333	23.4333	72	78	1957	1	1992	12	1232743	2515703
729	59417	106.85	22.3333	1288	1297	1953	1	2000	12	192230.1	2321695
730	59431	108.35	22.8167	731	737	1951	1	2000	12	346254.6	2378862
731	59446	109.3	22.4167	660	660	1956	10	2000	12	446295.5	2338728
732	59453	110.1667	22.65	818	853	1953	5	2000	12	534842.1	2368612
733	59456	110.9333	22.35	846	839	1954	1	2000	12	616077.7	2340152
734	59462	111.5667	22.7667	533	578	1957	10	2000	12	678729.5	2389976
735	59478	112.7833	22.25	327	328	1953	1	2000	12	808684	2342475
736	59493	114.1	22.55	182	400	1952	7	2000	12	942117.8	2386910
737	59501	115.3667	22.7833	46	55	1952	8	2000	12	1070138	2425269
738	59626	107.9667	21.5333	182	228	1952	9	2000	12	310856.5	2236850
739	59631	108.35	21.7833	324	313	1995	1	2000	12	350081.6	2265490
740	59632	108.6167	21.95	45	55	1952	10	2000	12	377275.1	2284725
741	59644	109.1167	21.4833	153	162	1952	9	2000	12	431523.4	2235681
742	59647	109.1	21.0333	552	549	1956	1	2000	12	431805.3	2186446
743	59658	110.4	21.2167	253	294	1951	1	2000	12	567511.1	2213009
744	59663	111.9667	21.8667	233	220	1952	9	2000	12	726933.9	2294237
745	59664	111	21.5	118	132	1956	9	2000	12	628623.1	2247562
746	59673	112.7667	21.7333	215	177	1957	11	2000	12	811390.2	2285859
747	59754	110.1667	20.3333	679	690	1956	10	2000	12	548030.4	2115423
748	59758	110.35	20.0333	141	149	1951	1	2000	12	569213.4	2083836
749	59838	108.6167	19.1	84	80	1952	10	2000	12	388591.7	1974214
750	59845	109.5833	19.5167	1687	1688	1952	9	2000	12	490294.4	2023661
751	59849	109.8333	19.0333	2509	2486	1955	11	2000	12	519569.1	1972556
752	59855	110.4667	19.2333	240	241	1952	12	2000	12	586400.2	1997736
753	59948	109.5167	18.2333	55	70	1958	11	2000	12	489495.6	1884504
754	59954	110.0333	18.5	139	115	1955	12	2000	12	543976.3	1915976
755	59981	112.3333	16.8333	47	54	1957	7	2000	12	805415.9	1752425
756	59985	111.6167	16.5333	40	46	1975	1	2000	12	728977.1	1714800