1 50136 122.3667 53.4667 2960 2973 1957 4 2000 12 1190994.0 5897582.0
2 50246 124.7167 52.3167 3574 3589 1960 12 2000 12 1374593.0 5806251.0
3 50349 124.3333 51.7000 4946 4961 1972 1 2000 12 1361135.0 5735435.0
4 50353 126.6500 51.7167 1774 1782 1954 1 2000 12 1521396.0 5770843.0
5 50425 120.1833 50.2500 5814 5823 1957 1 2000 12 1095647.0 5528297.0
6 50434 121.6833 50.4833 7326 7334 1957 1 2000 12 1198644.0 5570835.0
7 50442 124.1167 50.4000 3717 3721 1966 7 2000 12 1373195.0 5593389.0
8 50468 127.4500 50.2500 1664 1669 1959 1 2000 12 1612530.0 5627451.0
9 50514 117.4333 49.5667 6617 6622 1956 12 2000 12 907722.2 5426294.0
10 50527 119.7500 49.2167 6102 6125 1951 1 2000 12 1081411.0 5411356.0
11 50548 123.7167 49.2000 2861 2872 1957 1 2000 12 1369495.0 5458512.0
12 50557 125.2333 49.1667 2422 2430 1951 1 2000 12 1479725.0 5476677.0
13 50564 127.3500 49.4333 2345 2351 1954 1 2000 12 1625478.0 5538453.0
14 50603 116.8167 48.6667 5542 5556 1957 10 2000 12 874697.6 5322351.0
15 50618 118.2667 48.2167 6420 6444 1958 11 2000 12 988050.8 5286619.0
16 50632 121.9167 48.7667 7397 7419 1951 1 2000 12 1247235.0 5387790.0
17 50639 122.7333 48.0000 3065 3079 1952 2 2000 12 1321873.0 5314891.0
18 50656 126.5167 48.2833 2697 2720 1958 9 2000 12 1593120.0 5401185.0
19 50658 125.8833 48.0500 2346 2363 1951 1 2000 12 1552317.0 5365923.0
20 50727 119.9500 47.1667 10274 10278 1952 6 2000 12 1129984.0 5189332.0
21 50742 124.4833 47.8000 1624 1647 1956 10 2000 12 1455039.0 5317597.0
22 50745 123.9167 47.3833 1459 1473 1951 1 2000 12 1421999.0 5264031.0
23 50756 126.9667 47.4333 2392 2404 1952 7 2000 12 1646566.0 5316602.0
24 50758 125.9000 47.1667 2492 2499 1953 1 2000 12 1574011.0 5270383.0
25 50774 128.9167 47.7333 2409 2458 1955 10 2000 12 1782074.0 5382668.0
26 50775 130.3333 47.3667 2279 2307 1955 11 2000 12 1895658.0 5369481.0
27 50788 131.9833 47.2333 642 650 1952 8 2000 12 2020144.0 5387719.0
28 50834 121.2167 46.6000 4993 4993 1957 12 2000 12 1235157.0 5142165.0
29 50838 122.0500 46.0833 2747 2760 1951 1 2000 12 1307857.0 5096065.0
30 50844 123.4167 46.4000 1495 1512 1958 1 2000 12 1405021.0 5149481.0
31 50853 126.9667 46.6167 1796 1804 1952 7 2000 12 1666487.0 5228041.0
32 50854 125.3167 46.3833 1493 1501 1952 7 2000 12 1548419.0 5175917.0
33 50862 128.0167 46.9833 2105 2134 1957 12 2000 12 1735374.0 5285775.0
34 50873 130.2833 46.8167 812 822 1951 1 2000 12 1907396.0 5309375.0
35 50877 129.5833 46.3000 1001 1011 1959 1 2000 12 1869788.0 5240329.0
36 50888 132.1833 46.3167 830 835 1956 11 2000 12 2062318.0 5293618.0
37 50915 116.9667 45.5167 8387 8400 1955 11 2000 12 927832.2 4976218.0
38 50936 122.8333 45.6333 1554 1567 1951 1 2000 12 1376281.0 5057199.0
39 50948 124.0167 45.0000 1463 1480 1957 1 2000 12 1480005.0 5004633.0
40 50949 124.8333 45.1167 1347 1388 1952 10 2000 12 1540137.0 5029861.0
41 50950 125.2500 45.7000 1487 1502 1988 1 2000 12 1558845.0 5100238.0
42 50953 126.7667 45.7500 1423 1430 1951 1 2000 12 1672576.0 5130380.0
43 50963 128.7333 45.9667 1086 1100 1952 8 2000 12 1815198.0 5188481.0
44 50968 127.9667 45.2167 1897 1910 1952 8 2000 12 1776842.0 5093137.0
45 50978 130.9500 45.2833 2336 2328 1951 1 2000 12 2000755.0 5157121.0
46 50983 132.9667 45.7667 1002 1035 1956 12 2000 12 2137250.0 5251186.0
47 51053 86.4000 48.0500 5326 5340 1957 11 2000 12 -1384707.0 5332148.0
48 51059 85.8667 47.4333 9841 9839 1960 8 2000 12 -1437017.0 5272598.0
49 51068 87.4667 47.1167 5009 5020 1957 11 2000 12 -1324335.0 5215783.0
50 51076 88.0833 47.7333 7353 7369 1954 1 2000 12 -1266617.0 5275146.0
51 51087 89.5167 46.9833 8075 8105 1961 6 2000 12 -1173138.0 5175373.0
52 51133 83.0000 46.7333 5349 5366 1953 6 2000 12 -1666119.0 5241262.0
53 51156 85.7167 46.7833 12916 12942 1953 7 2000 12 -1462083.0 5203903.0
54 51186 90.3833 46.6667 12182 12200 1957 10 2000 12 -1113133.0 5130578.0
55 51232 82.5833 45.1833 2848 2864 1956 7 2000 12 -1735862.0 5079769.0
56 51241 83.6000 45.9333 10778 10777 1956 10 2000 12 -1640464.0 5144240.0
57 51243 84.8500 45.6000 4273 4284 1956 12 2000 12 -1553504.0 5087731.0
58 51288 90.5333 45.3667 16537 16547 1957 10 2000 12 -1122849.0 4985421.0
59 51330 81.0167 44.9667 13546 13539 1957 12 2000 12 -1860681.0 5084570.0
60 51334 82.9000 44.6167 3201 3212 1953 1 2000 12 -1725749.0 5012412.0
61 51346 84.6667 44.4333 4787 4783 1953 3 2000 12 -1593990.0 4962791.0
62 51356 86.0500 44.3167 4429 4441 1952 9 2000 12 -1489397.0 4928494.0
63 51365 87.5333 44.2000 4405 4410 1958 10 2000 12 -1376363.0 4894220.0
64 51379 89.5667 44.0167 7935 7938 1951 4 2000 12 -1220695.0 4847343.0
65 51431 81.3333 43.9500 6625 6634 1951 8 2000 12 -1863493.0 4967958.0
66 51437 81.1333 43.1500 18510 18546 1954 3 2000 12 -1900329.0 4884461.0
67 51463 87.6167 43.7833 9179 9187 1951 1 2000 12 -1378004.0 4847027.0
68 51467 86.3333 42.6667 17525 17536 1957 11 2000 12 -1502038.0 4742209.0
69 51477 88.3167 43.3500 11035 11053 1956 4 2000 12 -1331186.0 4789527.0
70 51495 91.6333 43.4833 8732 8744 1952 7 2000 12 -1066341.0 4764284.0
71 51526 88.2167 42.2333 9224 9240 1958 11 2000 12 -1360224.0 4667050.0
72 51542 84.1500 43.0333 24580 24589 1957 11 2000 12 -1666671.0 4817474.0
73 51567 86.5667 42.0833 10558 10579 1951 5 2000 12 -1495598.0 4674154.0
74 51573 89.2000 42.9333 345 372 1951 7 2000 12 -1268743.0 4731745.0
75 51628 80.2333 41.1667 11038 11054 1953 6 2000 12 -2025663.0 4685584.0
76 51633 81.9000 41.7833 12292 12304 1958 10 2000 12 -1875876.0 4720337.0
77 51642 84.2500 41.7833 9761 9776 1958 10 2000 12 -1687989.0 4678156.0
78 51644 82.9500 41.7167 10990 11000 1951 1 2000 12 -1793704.0 4693620.0
79 51656 86.1333 41.7500 9315 9329 1958 7 2000 12 -1537436.0 4643885.0
80 51701 75.4000 40.5167 35044 35074 1958 10 2000 12 -2431732.0 4723481.0
81 51705 75.2500 39.7167 21757 21775 1955 11 2000 12 -2470348.0 4640863.0
82 51709 75.9833 39.4667 12887 12907 1951 1 2000 12 -2419360.0 4595794.0
83 51711 78.4500 40.9333 19849 19860 1957 1 2000 12 -2175103.0 4697859.0
84 51716 78.5667 39.8000 11165 11176 1953 3 2000 12 -2199428.0 4571889.0
85 51720 79.0500 40.5000 11618 11630 1959 9 2000 12 -2139720.0 4637626.0
86 51730 81.0500 40.5000 10122 10130 1958 12 2000 12 -1978159.0 4596148.0
87 51747 83.6667 39.0000 10993 10993 1999 1 2000 12 -1801701.0 4381295.0
88 51765 87.7000 40.6333 8460 8471 1957 1 2000 12 -1432955.0 4496593.0
89 51777 88.1667 39.0333 8883 8893 1953 3 2000 12 -1425164.0 4311846.0
90 51804 75.2333 37.7833 30909 30937 1957 1 2000 12 -2536224.0 4432537.0
91 51811 77.2667 38.4333 12312 12320 1953 7 2000 12 -2347416.0 4452943.0
92 51818 78.2833 37.6167 13754 13763 1959 1 2000 12 -2288038.0 4340349.0
93 51828 79.9333 37.1333 13746 13747 1953 2 2000 12 -2163500.0 4250556.0
94 51839 82.7167 37.0667 14093 14106 1956 12 2000 12 -1929249.0 4185864.0
95 51848 83.6500 37.9333 12628 12642 1960 1 1998 12 -1828817.0 4263812.0
96 51855 85.5500 38.1500 12475 12484 1953 5 2000 12 -1663488.0 4254375.0
97 51886 90.2167 38.3500 31385 31387 1958 9 2000 12 -1264436.0 4207826.0
98 51931 81.6500 36.8500 14220 14233 1955 11 2000 12 -2025641.0 4183257.0
99 52101 93.0000 43.6000 16500 16509 1956 12 2000 12 -956293.3 4763363.0
100 52118 94.7000 43.2667 17286 17295 1958 11 2000 12 -825223.0 4710901.0
101 52203 93.5167 42.8167 7372 7388 1951 1 2000 12 -925465.0 4671042.0
102 52267 101.0667 41.9500 9405 9413 1959 11 2000 12 -321482.3 4526265.0
103 52313 94.6667 41.5333 17000 17010 1952 7 2000 12 -848152.4 4517116.0
104 52323 96.8833 41.5833 19627 19637 1957 12 2000 12 -666215.9 4505823.0
105 52343 99.9000 41.9333 9656 9656 1958 11 1986 12 -416863.4 4528724.0
106 52378 102.3667 41.3667 9600 9610 1959 6 2000 12 -217003.6 4457034.0
107 52418 94.6833 40.1500 11390 11396 1951 1 2000 12 -862983.6 4361752.0
108 52424 95.7667 40.5333 11708 11718 1951 1 2000 12 -768616.3 4395909.0
109 52436 97.0333 40.2667 15260 15270 1952 7 2000 12 -665836.0 4356778.0
110 52441 98.6167 40.7167 15910 15916 1965 12 1988 12 -530441.6 4397897.0
111 52446 99.5167 40.3000 11774 11786 1955 1 2000 12 -458331.5 4346468.0
112 52447 98.9000 40.0000 12702 12712 1989 1 2000 12 -511897.6 4315667.0
113 52495 104.5000 40.7500 13281 13290 1957 4 2000 12 -41558.7 4384701.0
114 52533 98.4833 39.7667 14772 14782 1951 1 2000 12 -548545.8 4291599.0
115 52546 99.8333 39.3667 13322 13329 1952 8 2000 12 -437375.6 4239789.0
116 52576 101.6833 39.2167 15101 15115 1959 6 2000 12 -281408.7 4216160.0
117 52602 93.3833 38.8333 27330 27339 1956 9 2000 12 -988622.3 4226040.0
118 52633 98.4167 38.8000 33670 33683 1956 11 2000 12 -561380.4 4182991.0
119 52645 99.5833 38.4167 31800 31810 1959 2 2000 12 -464372.5 4133722.0
120 52652 100.4333 38.9333 14827 14839 1951 1 2000 12 -388873.9 4188381.0
121 52657 100.2500 38.1833 27874 27885 1956 5 2000 12 -408524.7 4104444.0
122 52661 101.0833 38.8000 17646 17659 1952 10 2000 12 -334148.8 4170964.0
123 52674 101.9667 38.2333 19761 19765 1958 4 2000 12 -260766.1 4104305.0
124 52679 102.6667 37.9167 15309 15319 1951 1 2000 12 -201442.0 4066900.0
125 52681 103.0833 38.6333 13670 13685 1953 1 2000 12 -163917.1 4147114.0
126 52707 93.6833 36.8000 27670 27680 1960 6 2000 12 -989346.0 3994741.0
127 52713 95.3667 37.8500 31732 31742 1956 5 2000 12 -831180.3 4097350.0
128 52737 97.3667 37.3667 29815 29824 1955 8 2000 12 -663197.8 4027865.0
129 52754 100.1333 37.3333 33015 33024 1957 7 2000 12 -423261.8 4008958.0
130 52765 101.6167 37.3833 27076 27076 1956 10 2000 12 -294117.4 4009246.0
131 52787 102.8667 37.2000 30451 30439 1951 1 2000 12 -185919.2 3985510.0
132 52788 104.0500 37.1833 27267 27281 1955 11 1988 12 -82816.3 3982020.0
133 52797 104.0500 37.1833 16305 16314 1956 11 2000 12 -82816.3 3982020.0
134 52818 94.9000 36.4167 28076 28085 1955 4 2000 12 -887767.0 3940161.0
135 52825 96.4167 36.4333 27904 27914 1956 6 2000 12 -754652.2 3929484.0
136 52836 98.1000 36.3000 31911 31921 1954 1 2000 12 -607968.9 3902910.0
137 52842 99.0833 36.7833 30876 30887 1955 6 2000 12 -518186.4 3951851.0
138 52856 100.6167 36.2667 28350 28360 1953 1 2000 12 -386570.5 3886546.0
139 52866 101.7667 36.6167 22612 22622 1954 1 2000 12 -283904.0 3922196.0
140 52868 101.4333 36.0333 22371 22381 1956 11 2000 12 -315535.5 3857299.0
141 52876 102.8500 36.3167 18139 18148 1956 10 2000 12 -189536.6 3885714.0
142 52889 103.8833 36.0500 15172 15183 1951 1 2000 12 -98789.0 3854074.0
143 52895 104.6833 36.5667 13982 13993 1951 1 2000 12 -27831.5 3911965.0
144 52908 93.0833 35.2167 46122 46142 1956 10 2000 12 -1062981.0 3823228.0
145 52943 99.9833 35.5833 33232 33243 1960 1 2000 12 -446287.6 3812055.0
146 52955 100.7500 35.5833 32029 32029 1999 1 2000 12 -378127.0 3808872.0
147 52957 100.6500 35.2667 32894 32904 1954 2 1998 12 -388585.2 3773520.0
148 52968 101.4667 35.0333 36628 36638 1957 10 1990 12 -316602.3 3744273.0
149 52974 102.0167 35.5167 24915 24923 1991 1 2000 12 -265694.5 3797244.0
150 52983 104.1500 35.8667 18741 18754 1951 1 2000 12 -75373.3 3833125.0
151 52984 103.1833 35.5833 19170 19185 1951 1 2000 12 -161674.4 3802256.0
152 52986 103.8667 35.3667 18866 18878 1951 1 2000 12 -101139.0 3776880.0
153 52993 105.0833 35.6833 20122 20132 1955 11 1991 4 7403.9 3812080.0
154 52996 105.0000 35.3833 24506 24504 1951 1 2000 12 0.0 3778179.0
155 53068 111.9667 43.6500 9647 9659 1955 10 2000 12 555687.6 4730619.0
156 53083 114.1500 44.6167 11816 11829 1957 12 2000 12 719422.6 4852714.0
157 53149 110.1333 42.5333 12252 12261 1957 11 2000 12 416091.4 4596334.0
158 53192 114.9500 44.0167 11261 11279 1952 6 2000 12 788850.4 4791835.0
159 53195 113.7167 43.8333 11114 11139 1955 12 2000 12 693146.5 4762140.0
160 53231 106.4000 41.4000 15096 15102 1970 10 2000 12 115327.3 4458724.0
161 53276 112.9000 42.4000 11508 11519 1952 5 2000 12 641154.8 4596093.0
162 53336 108.5167 41.5667 12880 12898 1954 1 2000 12 288977.2 4481822.0
163 53352 110.4333 41.7000 13766 13771 1953 12 2000 12 445518.0 4503921.0
164 53362 111.6833 41.5333 14901 14904 1959 1 2000 12 549138.7 4491428.0
165 53391 114.0000 41.9000 14827 14846 1952 12 2000 12 735297.2 4547614.0
166 53399 114.7000 41.1500 13933 13942 1989 1 2000 12 800558.1 4468860.0
167 53420 107.1333 40.9000 10567 10579 1954 1 1995 2 176937.9 4403421.0
168 53446 109.8500 40.6667 10672 10691 1951 1 2000 12 403419.7 4385052.0
169 53463 111.6833 40.8167 10630 10650 1951 2 2000 12 554574.9 4410795.0
170 53478 112.4500 40.0000 13458 13472 1957 1 2000 12 624992.9 4323397.0
171 53480 113.0667 41.0333 14193 14215 1954 1 2000 12 667154.8 4443676.0
172 53487 113.3333 40.1000 10672 10690 1955 1 2000 12 697983.0 4340538.0
173 53502 105.7500 39.7833 10318 10330 1955 1 2000 12 63162.1 4275702.0
174 53513 107.4167 40.7500 10393 10408 1956 11 2000 12 200851.0 4387041.0
175 53519 106.7667 39.2167 10910 10922 1957 1 2000 12 149917.3 4212792.0
176 53529 107.9833 39.1000 13803 13813 1954 10 2000 12 253525.8 4202082.0
177 53543 109.9833 39.8333 14604 14590 1956 12 2000 12 419218.9 4291634.0
178 53545 109.7333 39.5667 13293 13305 1958 11 1995 2 399639.1 4260527.0
179 53564 111.1500 39.3833 8615 8615 1954 11 2000 12 520400.5 4246404.0
180 53588 113.5333 39.0333 28958 28977 1956 1 2000 12 725038.0 4221914.0
181 53593 114.5667 39.8333 9095 9103 1954 1 2000 12 803889.3 4319873.0
182 53602 105.6667 38.8333 15614 15628 1952 12 2000 12 56868.0 4168326.0
183 53614 106.2167 38.4833 11114 11127 1951 1 2000 12 104264.1 4129218.0
184 53615 106.7000 38.8000 11016 11029 1959 1 2000 12 145063.8 4165614.0
185 53646 109.7000 38.2333 10575 10585 1951 1 2000 12 403960.0 4109885.0
186 53663 111.8167 38.9167 14010 14020 1957 1 2000 12 580348.2 4197491.0
187 53664 111.1333 38.4667 10126 10136 1955 1 2000 12 525383.8 4142936.0
188 53673 112.7167 38.7333 8282 8283 1954 1 2000 12 658434.2 4182435.0
189 53698 114.4167 38.0333 805 812 1955 1 2000 12 810586.1 4116184.0
190 53704 105.1833 37.5333 12257 12268 1959 1 1990 12 15906.1 4021206.0
191 53705 105.6667 37.4833 11833 11849 1953 1 2000 12 57892.7 4015733.0
192 53723 107.4000 37.7833 13478 13489 1954 1 2000 12 207564.2 4051962.0
193 53725 107.5833 37.5833 13603 13612 1989 1 2000 12 224001.4 4029758.0
194 53738 108.1833 36.8333 12726 12736 1956 10 2000 12 278730.0 3946527.0
195 53740 109.2333 37.9333 11110 11075 1954 1 2000 12 365319.0 4074199.0
196 53754 110.2167 37.5000 9297 9285 1953 1 2000 12 452684.7 4029322.0
197 53764 111.1000 37.5000 9508 9512 1957 1 2000 12 529244.6 4033691.0
198 53772 112.5500 37.7833 7783 7795 1951 1 2000 12 652396.7 4074271.0
199 53782 113.5500 37.8500 7419 7426 1954 12 2000 12 737957.1 4088789.0
200 53787 112.9833 37.0667 10414 10418 1957 1 2000 12 696266.4 3996452.0
201 53798 114.5000 37.0667 768 780 1954 1 2000 12 828174.4 4008096.0
202 53806 105.6500 36.5667 18542 18555 1957 12 2000 12 57120.9 3912108.0
203 53810 105.9000 36.9833 13439 13452 1955 1 2000 12 78663.0 3959371.0
204 53817 106.2667 36.0000 17530 17528 1956 10 2000 12 112130.3 3848582.0
205 53821 107.3000 36.5833 12556 12560 1957 1 2000 12 202059.8 3916138.0
206 53845 109.5000 36.6000 9578 9589 1951 1 2000 12 395148.4 3924642.0
207 53853 110.9500 36.7000 10527 10537 1957 1 2000 12 521662.8 3942626.0
208 53863 111.9167 37.0333 7439 7458 1954 1 2000 12 603667.8 3985703.0
209 53868 111.5000 36.0667 4495 4503 1954 1 2000 12 574501.4 3874219.0
210 53882 113.0667 36.0667 9918 9914 1986 1 2000 12 712699.0 3884375.0
211 53887 113.1167 36.2000 9265 9275 1953 12 1985 12 715875.9 3899751.0
212 53898 114.3667 36.1167 755 764 1951 2 2000 12 826704.9 3900083.0
213 53903 105.7167 35.9667 19165 19214 1957 2 2000 12 63471.5 3844333.0
214 53915 106.6667 35.5500 13466 13482 1951 1 2000 12 148389.8 3798260.0
215 53923 107.6333 35.7333 14210 14219 1951 1 2000 12 233882.1 3820829.0
216 53929 107.8000 35.2000 12065 12068 1956 9 2000 12 250383.5 3761001.0
217 53942 109.5000 35.8167 11583 11591 1954 11 2000 12 399159.9 3836199.0
218 53947 109.0667 35.0833 9789 9797 1955 1 1999 12 364141.6 3751746.0
219 53959 111.0167 35.0333 3760 3759 1956 1 2000 12 538911.6 3754973.0
220 53963 111.3667 35.6500 4338 4350 1991 1 2000 12 565753.8 3826461.0
221 53975 112.4000 35.4833 6595 6588 1957 1 2000 12 658818.9 3814042.0
222 53986 113.8833 35.3167 727 740 1951 1 2000 12 792235.3 3806121.0
223 54012 117.6000 44.5833 9959 9966 1954 11 2000 12 989896.3 4878696.0
224 54026 120.9000 44.5667 2650 2658 1952 5 2000 12 1247464.0 4914043.0
225 54027 119.4000 43.9833 4844 4859 1953 1 2000 12 1140103.0 4831352.0
226 54041 123.0667 44.7833 1495 1505 1955 1 2000 12 1411300.0 4966964.0
227 54049 123.9667 44.2500 1893 1901 1952 9 2000 12 1492114.0 4921402.0
228 54063 126.0000 44.9667 1966 1979 1952 9 2000 12 1632943.0 5032076.0
229 54094 129.6000 44.5667 2414 2425 1951 1 2000 12 1918541.0 5052850.0
230 54096 131.1500 44.3833 4967 4977 1952 8 2000 12 2042052.0 5063882.0
231 54102 116.0667 43.9500 9895 9908 1952 6 2000 12 877868.7 4793767.0
232 54115 118.0667 43.6000 7990 8003 1952 5 2000 12 1040829.0 4774092.0
233 54134 121.2833 43.6000 2410 2420 1952 5 2000 12 1294975.0 4811934.0
234 54135 122.2667 43.6000 1785 1801 1951 1 2000 12 1372415.0 4825144.0
235 54142 123.5333 43.5000 1149 1161 1953 1 2000 12 1474042.0 4832253.0
236 54157 124.3333 43.1833 1642 1654 1951 1 2000 12 1543766.0 4809470.0
237 54161 125.2167 43.9000 2368 2385 1951 1 2000 12 1597071.0 4902349.0
238 54169 126.0167 43.3000 2716 2703 1961 1 1995 12 1673499.0 4849593.0
239 54171 126.5167 43.7000 2295 2324 1996 1 2000 12 1703033.0 4901999.0
240 54172 126.4667 43.9500 1834 1844 1951 1 1995 12 1693117.0 4928550.0
241 54181 127.3333 43.7000 2950 2945 1951 1 2000 12 1766593.0 4916268.0
242 54186 128.2000 43.3667 5237 5258 1953 1 2000 12 1842590.0 4895566.0
243 54192 130.2500 43.7000 4666 4666 1957 12 1988 12 1992608.0 4971492.0
244 54195 129.7667 43.3333 2417 2424 1989 1 2000 12 1965439.0 4921969.0
245 54208 116.4667 42.1833 12454 12470 1952 6 2000 12 932348.3 4600074.0
246 54213 119.0333 42.9500 6318 6330 1956 12 2000 12 1127618.0 4712280.0
247 54218 118.9667 42.2667 5711 5725 1951 1 2000 12 1133083.0 4635396.0
248 54226 120.7000 42.3333 4005 4016 1956 12 2000 12 1271412.0 4663801.0
249 54236 122.5333 42.4167 794 842 1952 7 2000 12 1416762.0 4697879.0
250 54237 121.6500 42.0333 1440 1449 1951 1 2000 12 1353282.0 4643022.0
251 54254 124.0500 42.5333 982 990 1954 10 2000 12 1535368.0 4733331.0
252 54259 124.9167 42.1000 2341 2353 1957 1 2000 12 1614023.0 4699231.0
253 54263 126.0333 42.9667 3367 3392 1996 1 2000 12 1682679.0 4813244.0
254 54266 125.6333 42.5333 3399 3413 1952 6 2000 12 1661206.0 4758821.0
255 54273 126.7500 42.9833 2633 2639 1956 1 2000 12 1738705.0 4827417.0
256 54276 126.8167 42.3500 5492 5503 1954 12 2000 12 1759484.0 4759045.0
257 54284 127.5667 42.1000 7742 7754 1956 12 2000 12 1825287.0 4745135.0
258 54285 128.2500 42.5333 5914 5916 1957 11 2000 12 1868236.0 4805335.0
259 54287 128.0833 42.0167 26230 26339 1958 10 2000 9 1868486.0 4745609.0
260 54292 129.4667 42.8833 1768 1782 1953 1 2000 12 1954460.0 4867006.0
261 54308 116.6333 41.2167 6597 6608 1956 1 2000 12 958567.9 4493467.0
262 54311 117.7500 41.9333 8428 8440 1951 1 2000 12 1039754.0 4584871.0
263 54324 120.4500 41.5500 1692 1760 1952 5 2000 12 1265008.0 4573449.0
264 54326 119.7000 41.3833 4217 4254 1952 7 2000 12 1206833.0 4545536.0
265 54333 122.8333 41.9833 307 319 1987 1 2000 12 1449463.0 4654178.0
266 54335 122.0833 41.6833 375 382 1956 1 2000 12 1394908.0 4610153.0
267 54337 121.1167 41.1333 659 702 1951 1 2000 12 1326719.0 4535760.0
268 54339 123.0000 41.0833 773 715 1951 1 2000 12 1481157.0 4556836.0
269 54342 123.4500 41.7333 428 452 1951 1 2000 12 1504223.0 4635653.0
270 54346 123.7833 41.3167 1852 1825 1955 5 2000 12 1539907.0 4594625.0
271 54351 124.0833 41.9167 1185 1204 1951 1 2000 12 1551282.0 4665695.0
272 54363 125.9000 41.6833 4029 4043 1951 1 2000 12 1702366.0 4669696.0
273 54365 125.3500 41.2667 2403 2420 1952 7 2000 12 1667763.0 4614406.0
274 54374 126.9167 41.8000 3327 3328 1953 1 2000 12 1780982.0 4700378.0
275 54377 126.1500 41.1000 1777 1786 1954 1 2000 12 1736326.0 4609730.0
276 54386 128.1667 41.3500 10167 10177 1956 12 2000 12 1892488.0 4674082.0
277 54401 114.8833 40.7833 7242 7258 1956 1 2000 12 819748.2 4429190.0
278 54405 115.5000 40.4000 5368 5416 1954 1 2000 12 875280.1 4391425.0
279 54416 116.8667 40.3833 716 741 1991 1 2000 12 988921.3 4402383.0
280 54423 117.9333 40.9667 3772 3740 1951 1 2000 12 1068773.0 4478758.0
281 54429 117.9500 40.2000 549 557 1956 1 2000 12 1081399.0 4393146.0
282 54436 118.9500 40.4000 2272 2285 1957 1 2000 12 1161213.0 4426812.0
283 54449 119.6000 39.9333 21 33 1954 1 2000 12 1222659.0 4382467.0
284 54454 120.3500 40.3500 153 163 1956 1 2000 12 1277732.0 4438426.0
285 54455 120.7000 40.5833 88 100 1951 1 2000 12 1302479.0 4468985.0
286 54471 122.2667 40.6667 33 43 1951 1 2000 12 1429572.0 4499825.0
287 54476 122.1500 40.1667 204 379 1952 1 2000 12 1429707.0 4442552.0
288 54483 123.9000 40.8833 2334 2349 1952 7 1991 6 1558608.0 4548441.0
289 54486 123.2833 40.2833 793 808 1952 12 2000 12 1520737.0 4472347.0
290 54493 124.7833 40.7167 2601 2615 1954 1 2000 12 1634227.0 4544203.0
291 54497 124.3333 40.0500 151 139 1951 1 2000 12 1612093.0 4463044.0
292 54511 116.2833 39.9333 540 547 1951 1 2000 12 946280.3 4346235.0
293 54518 116.3833 39.1167 90 106 1957 1 2000 12 965183.4 4255553.0
294 54527 117.1667 39.1000 33 52 1954 1 2000 12 1031516.0 4261557.0
295 54534 118.1500 39.6667 278 286 1957 1 2000 12 1105957.0 4335645.0
296 54539 118.9000 39.4167 105 120 1957 1 2000 12 1172574.0 4316273.0
297 54563 121.7500 39.7333 293 293 1957 1 2000 12 1404900.0 4388611.0
298 54575 122.3667 39.4167 432 449 1956 1 1992 12 1462330.0 4362280.0
299 54579 122.5833 39.2667 355 337 1995 2 2000 12 1483364.0 4348809.0
300 54584 122.9500 39.7167 348 359 1956 1 2000 12 1504825.0 4404350.0
301 54602 115.5167 38.8500 172 189 1955 1 2000 12 895177.8 4217479.0
302 54606 115.7333 38.2333 189 200 1957 1 2000 12 921064.2 4150158.0
303 54616 116.8333 38.3333 96 108 1954 1 1995 12 1013689.0 4172107.0
304 54618 116.5500 38.0833 132 146 1996 1 2000 12 992811.4 4141181.0
305 54623 117.7167 39.0000 32 108 1954 1 2000 12 1079340.0 4256193.0
306 54624 117.3500 38.3667 66 76 1960 1 2000 12 1057259.0 4181243.0
307 54662 121.6333 38.9000 915 973 1951 1 2000 12 1410903.0 4294140.0
308 54705 115.3833 37.3667 274 286 1958 1 2000 12 901367.9 4049535.0
309 54714 116.3167 37.4333 212 227 1951 1 1994 12 981203.0 4065869.0
310 54715 116.5667 37.3333 186 192 1995 1 2000 12 1004096.0 4057139.0
311 54725 117.5333 37.5000 113 122 1951 1 2000 12 1085204.0 4086016.0
312 54736 118.8500 37.2667 44 88 1954 1 2000 12 1202173.0 4075042.0
313 54751 120.7167 37.9333 397 430 1961 1 2000 12 1351048.0 4173573.0
314 54753 120.3167 37.6167 48 48 1957 1 2000 12 1322440.0 4132833.0
315 54764 121.2500 37.5000 326 339 1995 2 2000 12 1404470.0 4132624.0
316 54765 121.4000 37.5333 467 478 1951 1 1991 12 1416698.0 4138469.0
317 54774 122.1333 37.4833 466 450 1959 1 2000 12 1480398.0 4143596.0
318 54776 122.6833 37.4000 477 475 1952 1 2000 12 1529092.0 4142660.0
319 54808 115.5833 36.0333 427 470 1957 1 2000 12 934701.3 3901497.0
320 54823 116.9833 36.6833 516 578 1951 1 2000 12 1048935.0 3988482.0
321 54824 117.9500 36.6333 950 984 1995 1 2000 12 1133826.0 3993501.0
322 54826 117.1000 36.2500 15337 15365 1954 1 2000 12 1065054.0 3941106.0
323 54827 117.1500 36.1667 1288 1340 1951 1 1991 12 1070583.0 3932299.0
324 54830 118.0000 36.8333 340 388 1951 3 1994 12 1135227.0 4016489.0
325 54836 118.1500 36.1833 3045 3016 1958 1 2000 12 1157953.0 3945383.0
326 54843 119.0833 36.7000 441 514 1951 1 2000 12 1231346.0 4014471.0
327 54852 120.7000 36.9333 305 353 1952 1 2000 12 1367427.0 4061709.0
328 54857 120.3333 36.0667 760 772 1961 1 2000 12 1350814.0 3959926.0
329 54863 121.1667 36.7667 652 639 1959 1 2000 12 1410774.0 4049648.0
330 54868 121.3833 36.2667 705 684 1960 2 1984 12 1438789.0 3996995.0
331 54871 122.4333 36.8667 337 341 1953 2 2000 12 1518231.0 4079475.0
332 54906 115.4333 35.2500 497 508 1954 1 1994 12 930787.1 3812071.0
333 54909 115.5500 35.1000 505 517 1995 1 2000 12 942957.2 3796321.0
334 54916 116.8500 35.5667 517 530 1951 1 2000 12 1052350.0 3861779.0
335 54929 117.9500 35.2500 1209 1205 1998 1 2000 12 1154160.0 3838499.0
336 54936 118.8333 35.5833 1074 1086 1951 1 2000 12 1227159.0 3886409.0
337 54938 118.3500 35.0500 879 865 1951 1 1997 12 1192627.0 3820831.0
338 54945 119.5333 35.3833 161 228 1955 1 2000 12 1292120.0 3872922.0
339 54952 120.8500 35.8833 445 428 1984 1 1988 8 1399248.0 3946610.0
340 55228 80.0833 32.5000 42780 42793 1961 1 2000 12 -2280753.0 3740524.0
341 55248 84.4167 32.1500 44149 44158 1973 1 2000 12 -1898524.0 3610899.0
342 55279 90.0167 31.3833 47000 47010 1956 10 2000 12 -1399647.0 3432915.0
343 55294 91.1000 32.3500 48000 48010 1965 11 2000 12 -1283955.0 3525940.0
344 55299 92.0667 31.4833 45070 45080 1954 7 2000 12 -1207859.0 3417131.0
345 55437 81.2500 30.2833 39000 39011 1973 1 2000 12 -2235130.0 3472118.0
346 55472 88.6333 30.9500 46720 46739 1960 4 2000 12 -1535748.0 3405253.0
347 55493 91.1000 30.4833 42000 42011 1962 8 2000 12 -1313256.0 3318029.0
348 55569 87.6000 29.0833 40000 40011 1977 7 2000 12 -1668260.0 3215509.0
349 55572 89.1000 29.6833 40000 40000 1998 1 2000 12 -1515014.0 3257752.0
350 55578 88.8833 29.2500 38360 38374 1955 12 2000 12 -1543330.0 3213158.0
351 55585 90.1667 29.4333 38094 38109 1973 7 2000 12 -1418330.0 3214304.0
352 55589 90.9833 29.3000 35550 35550 1998 1 2000 12 -1342885.0 3188170.0
353 55591 91.0333 29.7167 36580 36590 1955 1 2000 12 -1331578.0 3233738.0
354 55593 91.7333 29.8500 38040 38050 1998 1 2000 12 -1263257.0 3239399.0
355 55598 91.7667 29.2500 35517 35532 1956 9 2000 12 -1269034.0 3172316.0
356 55655 85.9667 28.1833 38100 38110 1966 7 2000 12 -1842200.0 3145393.0
357 55664 87.0833 28.6333 43000 43017 1959 1 2000 12 -1726309.0 3174771.0
358 55680 89.6000 28.9167 40400 40410 1956 11 2000 12 -1481029.0 3165388.0
359 55681 90.4000 28.9667 44317 0 1998 1 2000 12 -1403843.0 3159298.0
360 55690 91.9500 27.9833 42800 42810 1967 1 2000 12 -1270130.0 3029516.0
361 55696 92.4667 28.4167 38600 38610 1959 7 2000 12 -1214015.0 3071085.0
362 55773 89.0833 27.7333 43000 43012 1956 2 2000 12 -1551419.0 3042633.0
363 56004 92.4333 34.2167 45331 45343 1956 10 2000 12 -1134916.0 3718348.0
364 56016 95.6000 33.8500 41790 41810 1961 10 1990 12 -853839.5 3645488.0
365 56018 95.3000 32.9000 40664 40685 1956 10 2000 12 -891455.9 3541472.0
366 56021 95.4833 34.5500 42312 42322 1956 7 2000 12 -856844.6 3725153.0
367 56029 97.0167 33.0167 36812 36822 1951 10 2000 12 -733006.9 3540531.0
368 56033 98.2167 34.9167 42723 42733 1953 1 2000 12 -608373.8 3746259.0
369 56034 97.1333 33.8000 44154 44175 1956 9 2000 12 -715330.3 3627749.0
370 56038 98.1000 32.9833 42000 42010 1960 10 2000 12 -633975.5 3529318.0
371 56041 99.2000 34.2667 42111 42122 1959 9 1997 12 -524579.1 3667396.0
372 56043 100.2500 34.4667 37190 37205 1991 1 2000 12 -428612.6 3684905.0
373 56046 99.6500 33.7500 39675 39685 1956 1 2000 12 -487060.7 3606879.0
374 56065 101.6000 34.7333 35000 35010 1959 5 2000 12 -305822.8 3709991.0
375 56067 101.4833 33.4333 36285 36300 1958 12 2000 12 -321511.7 3563718.0
376 56074 102.0833 34.0000 34714 34732 1967 1 2000 12 -264796.5 3625855.0
377 56075 102.6333 34.0833 33627 33606 1957 1 1988 12 -214650.2 3633925.0
378 56079 102.9667 33.5833 34396 34411 1957 1 2000 12 -185572.5 3576845.0
379 56080 102.9000 35.0000 29100 29105 1957 7 2000 12 -188276.0 3736868.0
380 56093 104.0167 34.4333 23150 23158 1951 1 2000 12 -88797.0 3671318.0
381 56096 104.9167 33.4000 10791 10817 1951 1 2000 12 -7620.2 3554271.0
382 56106 93.7833 31.8833 40228 40238 1956 11 2000 12 -1043204.0 3442352.0
383 56109 93.7833 31.4833 39400 39400 1998 1 2000 12 -1048278.0 3397626.0
384 56116 95.6000 31.4167 38731 38740 1954 1 2000 12 -879760.6 3372534.0
385 56125 96.4833 32.2000 36437 36452 1956 6 2000 12 -789750.9 3452912.0
386 56128 96.6000 31.2167 38100 38100 1998 1 2000 12 -788306.6 3341730.0
387 56132 98.0000 30.4667 32421 32435 1960 1 1981 7 -663099.1 3247468.0
388 56137 97.1667 31.1500 33060 33070 1954 1 2000 12 -735829.3 3329905.0
389 56144 98.5667 31.7333 32012 31993 1956 12 2000 12 -600274.1 3385931.0
390 56146 100.0000 31.6167 33935 33942 1951 1 2000 12 -467326.8 3365125.0
391 56151 100.7500 32.9333 37500 37510 1960 2 2000 12 -390928.5 3510010.0
392 56152 100.3333 32.2833 38939 38958 1961 1 2000 12 -432672.6 3438569.0
393 56167 101.1167 30.9833 29572 29587 1957 2 2000 12 -365800.5 3289277.0
394 56171 101.7000 32.9000 32751 32766 1954 4 1991 6 -303706.3 3502936.0
395 56172 102.2333 31.9000 26644 26659 1953 4 2000 12 -257778.1 3388830.0
396 56173 102.5500 32.8000 34916 34927 1960 5 2000 12 -225775.2 3489402.0
397 56178 102.3500 31.0000 23692 23686 1951 12 2000 12 -249609.7 3287330.0
398 56182 103.5667 32.6500 28507 28521 1951 1 2000 12 -132335.8 3470666.0
399 56188 103.6667 30.9833 7067 7070 1954 7 2000 12 -125622.7 3282965.0
400 56193 104.5167 32.4167 8765 8774 1951 10 2000 12 -44752.2 3443534.0
401 56196 104.6833 31.4667 4708 4723 1954 1 2000 12 -29667.1 3336526.0
402 56202 93.2833 30.6667 44888 44898 1954 11 2000 12 -1105603.0 3311861.0
403 56223 91.8333 30.7500 36400 36410 1992 1 2000 12 -1240431.0 3338278.0
404 56227 95.7667 29.8667 27360 27370 1955 1 2000 12 -880373.4 3197711.0
405 56228 96.9167 30.0500 32600 32600 1998 1 2000 12 -769310.8 3208642.0
406 56247 99.1000 30.0000 25892 25891 1952 9 2000 12 -562143.4 3188405.0
407 56251 100.3167 30.9333 30000 29992 1959 10 2000 12 -441372.6 3286914.0
408 56257 100.2667 30.0000 39489 39505 1952 5 2000 12 -451076.4 3182452.0
409 56265 101.4833 30.4833 34490 34518 1952 7 1981 7 -333272.0 3231849.0
410 56287 103.0000 29.9833 6276 6294 1951 1 2000 12 -190694.1 3171744.0
411 56294 104.0167 30.6667 5061 5073 1951 1 2000 12 -92999.6 3247006.0
412 56298 104.6500 30.1167 3570 3584 1957 1 1991 6 -33320.7 3184850.0
413 56307 92.5833 29.1500 32600 32600 1998 1 2000 12 -1192544.0 3151085.0
414 56312 94.4667 29.5667 30000 30010 1954 1 2000 12 -1007451.0 3176597.0
415 56317 94.2167 29.2167 29500 29500 1998 1 2000 12 -1035521.0 3140176.0
416 56331 97.8333 29.6667 37800 37810 1978 1 2000 12 -685337.8 3159061.0
417 56342 98.6000 29.6833 38700 38700 1998 1 2000 12 -612007.4 3155909.0
418 56357 100.3000 29.0500 37277 37286 1957 1 2000 12 -452944.1 3075938.0
419 56374 101.9667 30.0500 26157 26155 1951 11 2000 12 -288962.4 3181721.0
420 56376 102.6833 29.3500 7959 7981 1951 1 1991 6 -222542.5 3101414.0
421 56385 103.3333 29.5167 30474 30486 1951 1 2000 12 -159796.8 3118841.0
422 56386 103.7500 29.5667 4242 4221 1951 1 2000 12 -119776.9 3123858.0
423 56434 97.4667 28.6500 23276 23310 1966 1 2000 12 -728961.3 3048116.0
424 56441 99.2833 28.7167 24229 24243 1960 1 1991 6 -552973.0 3043833.0
425 56444 98.8833 28.4500 34850 34880 1953 8 2000 12 -593454.4 3016364.0
426 56459 100.8333 28.1333 26666 26665 1959 6 2000 12 -405884.2 2971195.0
427 56462 101.5000 29.0000 29873 29937 1952 7 2000 12 -337552.5 3065567.0
428 56475 102.5167 28.6500 16590 16601 1953 4 2000 12 -240502.5 3023454.0
429 56479 102.8500 28.0000 21324 21337 1956 12 2000 12 -209802.2 2950056.0
430 56485 103.5833 28.2667 14749 14758 1952 7 2000 12 -137826.0 2978568.0
431 56492 104.6000 28.8000 3408 3416 1951 1 2000 12 -38675.7 3037307.0
432 56533 98.6667 27.7500 15913 15957 1958 1 2000 12 -619426.8 2939632.0
433 56543 99.7000 27.8333 32761 32765 1958 1 2000 12 -517974.8 2942997.0
434 56548 99.2833 27.1667 23256 23245 1954 4 2000 12 -562935.2 2871014.0
435 56565 101.5167 27.4333 25450 25450 1956 12 2000 12 -342084.2 2890531.0
436 56571 102.2667 27.9000 15909 15924 1951 1 2000 12 -267016.3 2940292.0
437 56586 103.7167 27.3500 19495 19500 1951 1 2000 12 -126171.6 2876054.0
438 56651 100.2167 26.8667 23932 23944 1951 1 2000 12 -472709.7 2832766.0
439 56664 101.2667 26.6333 12448 12420 1956 12 2000 12 -369975.9 2802347.0
440 56666 101.7167 26.5833 11901 11915 1988 1 2000 12 -325581.9 2795209.0
441 56671 102.2500 26.6500 17871 17886 1952 6 2000 12 -272507.3 2801023.0
442 56674 101.7333 26.5000 11080 11117 1971 1 1987 12 -324241.2 2785890.0
443 56684 103.2833 26.4167 21095 21108 1952 10 2000 12 -170575.8 2772763.0
444 56691 104.2833 26.8667 22375 22392 1951 1 2000 12 -70854.4 2821632.0
445 56739 98.5000 25.0167 16546 16550 1951 1 2000 12 -655596.9 2637339.0
446 56741 98.8167 25.9833 18049 18072 1957 1 2000 12 -617021.7 2742328.0
447 56748 99.1667 25.1167 16535 16551 1951 1 2000 12 -587783.8 2644223.0
448 56751 100.1833 25.7000 19905 19916 1951 1 2000 12 -482299.6 2703347.0
449 56763 101.8667 25.7333 11202 11211 1955 11 2000 12 -313693.7 2700292.0
450 56768 101.5333 25.0167 17720 17730 1951 3 2000 12 -349833.6 2621979.0
451 56778 102.6833 25.0167 18914 18968 1951 1 2000 12 -233811.0 2618598.0
452 56786 103.8333 25.5833 18987 19001 1951 1 2000 12 -117018.0 2679380.0
453 56793 104.6167 25.7833 15152 15169 1951 1 2000 12 -38359.4 2700968.0
454 56838 97.8500 24.0167 7766 7764 1957 1 2000 12 -729007.3 2531527.0
455 56856 100.8667 24.4667 11623 11635 1955 12 2000 12 -419600.3 2563729.0
456 56875 102.5500 24.3500 16367 16370 1951 1 2000 12 -249081.4 2545164.0
457 56880 103.1667 24.9167 15321 15329 1958 11 1991 5 -185234.5 2606504.0
458 56886 103.7667 24.5333 17043 17051 1958 1 2000 12 -125142.3 2563137.0
459 56945 99.0833 23.5667 5114 5114 1954 12 1990 12 -606383.2 2473684.0
460 56946 99.4000 23.5500 11044 11054 1990 1 2000 12 -574064.5 2469962.0
461 56951 100.0833 23.8833 15024 15031 1953 4 2000 12 -502259.8 2502976.0
462 56954 99.9333 22.5667 10548 10544 1954 1 2000 12 -524966.6 2358937.0
463 56959 100.8000 22.0000 5527 5536 1953 8 2000 12 -437856.0 2292598.0
464 56964 100.9667 22.7833 13021 13029 1951 11 2000 12 -416994.3 2377818.0
465 56966 101.9833 23.6000 4009 4021 1953 8 2000 12 -309195.6 2463979.0
466 56969 101.5667 21.4833 6319 6332 1956 12 2000 12 -359918.7 2232957.0
467 56977 101.8500 22.5833 11195 11208 1957 1 2000 12 -326404.1 2352541.0
468 56985 103.3833 23.3833 13007 13053 1951 1 2000 12 -166110.1 2436746.0
469 56986 103.6833 22.9833 14141 14121 1954 5 2000 12 -135872.8 2392248.0
470 56994 104.2500 23.3833 12716 12729 1955 11 2000 12 -77062.5 2435685.0
471 57006 105.7500 34.5833 11417 11426 1951 1 2000 12 67601.4 3688071.0
472 57016 107.1333 34.3500 6124 6136 1951 9 2000 12 192838.5 3663545.0
473 57034 108.2167 34.2500 4478 4491 1954 4 2000 12 291108.7 3654900.0
474 57036 108.9333 34.3000 3975 3986 1951 1 2000 12 355705.9 3662875.0
475 57037 108.9833 34.9333 7100 7100 2000 1 2000 12 357357.0 3734513.0
476 57046 110.0833 34.4833 20649 20579 1953 1 2000 12 458566.1 3688266.0
477 57051 111.2000 34.8000 4101 4118 1957 1 2000 12 556952.8 3729684.0
478 57067 111.0333 34.0500 5688 5699 1952 7 2000 12 547139.9 3644238.0
479 57071 112.4333 34.8333 3233 3246 1961 1 2000 12 667270.2 3741040.0
480 57073 112.4667 34.6333 1371 1379 1951 1 1991 6 671960.1 3718742.0
481 57077 111.6000 33.7833 7501 7515 1957 1 2000 12 600458.6 3617476.0
482 57083 113.6500 34.7167 1104 1113 1951 1 2000 12 777380.0 3736767.0
483 57089 113.8500 34.0167 668 677 1952 7 2000 12 802342.3 3659634.0
484 57091 114.3833 34.7667 725 737 1951 1 2000 12 842560.4 3748373.0
485 57106 106.1500 33.3167 7942 7973 1953 1 2000 12 105310.0 3545482.0
486 57127 107.0333 33.0667 5084 5093 1951 1 2000 12 186765.7 3518594.0
487 57134 107.9833 33.5333 10877 10886 1957 1 2000 12 272423.0 3573397.0
488 57143 109.9667 33.8667 7422 7438 1953 3 2000 12 451537.0 3618218.0
489 57144 109.1500 33.4333 6937 6936 1957 10 2000 12 379379.6 3565954.0
490 57156 111.5000 33.3000 2503 2520 1957 1 2000 12 594940.9 3562471.0
491 57178 112.5833 33.0333 1292 1303 1952 7 2000 12 696210.3 3539517.0
492 57181 113.0500 33.8833 1364 1375 1957 1 2000 12 731200.9 3638455.0
493 57193 114.5167 33.7833 526 535 1954 1 2000 12 865127.8 3639006.0
494 57206 105.8500 32.4333 4924 4948 1951 1 2000 12 78690.9 3445632.0
495 57232 108.2667 33.0500 4849 4850 1959 8 2000 12 300086.2 3519736.0
496 57237 108.0333 32.0667 6740 6740 1952 6 2000 12 282037.2 3408315.0
497 57245 109.0333 32.7167 2908 2912 1952 10 2000 12 371998.7 3484785.0
498 57251 110.4167 33.0000 2491 2499 1989 1 2000 12 497740.3 3522743.0
499 57253 110.8167 32.8500 2019 2040 1952 7 1991 6 535446.0 3507942.0
500 57259 110.7333 32.0500 4344 4352 1958 1 2000 12 532978.7 3417519.0
501 57265 111.6667 32.3833 900 910 1951 1 2000 12 617109.6 3460390.0
502 57279 112.7500 32.1500 1255 1268 1957 2 2000 12 719245.7 3441473.0
503 57290 114.0167 33.0000 827 838 1958 1 2000 12 827816.1 3546778.0
504 57297 114.0500 32.1333 1145 1151 1951 1 2000 12 839754.6 3449806.0
505 57306 105.9667 31.5833 3826 3854 1958 1 2000 12 90426.1 3350037.0
506 57313 106.7667 31.8500 3589 3600 1952 6 2000 12 164719.2 3381076.0
507 57328 107.5000 31.2000 3104 3112 1951 1 2000 12 234917.6 3309441.0
508 57348 109.5000 31.0500 6073 6083 1954 1 2000 12 423515.8 3299219.0
509 57355 110.4000 31.0667 2945 2956 1952 7 2000 12 508040.4 3305316.0
510 57378 112.5667 31.1667 658 662 1952 8 2000 12 710692.9 3329835.0
511 57385 113.8167 31.6167 933 946 1956 10 2000 12 823321.7 3389936.0
512 57399 115.0167 31.1833 593 590 1959 1 2000 12 939932.3 3352062.0
513 57405 105.5833 30.5000 2782 2795 1951 1 2000 12 55278.4 3227984.0
514 57411 106.1000 30.7833 3093 3097 1951 1 2000 12 103891.4 3260221.0
515 57426 107.8000 30.6833 4546 4546 1951 11 2000 12 264738.6 3252144.0
516 57432 108.4000 30.7667 1867 1888 1954 9 2000 12 321127.0 3263280.0
517 57447 109.4667 30.2833 4571 4580 1951 1 2000 12 424257.3 3213036.0
518 57451 110.2333 30.7833 18193 18179 1957 1 1997 12 494049.8 3272670.0
519 57458 110.6833 30.1833 9084 9062 1957 2 2000 12 540342.2 3207736.0
520 57461 111.3000 30.7000 1331 1343 1951 8 2000 12 595221.8 3269178.0
521 57462 111.0833 30.8667 1399 1382 1998 1 2000 12 573626.6 3286597.0
522 57476 112.1833 30.3333 326 337 1953 6 2000 12 681515.3 3233769.0
523 57483 113.1667 30.6667 341 350 1954 6 2000 12 771541.7 3278296.0
524 57494 114.1333 30.6167 233 270 1951 1 2000 12 863132.1 3280659.0
525 57504 105.0500 29.5833 3471 3524 1951 1 2000 12 4790.6 3124966.0
526 57515 106.4833 29.5167 3511 3515 1965 1 1986 12 142214.2 3118562.0
527 57516 106.4667 29.5833 2591 2604 1951 1 2000 12 140512.3 3126002.0
528 57522 107.4167 29.7500 2735 2741 1952 10 2000 12 231055.2 3146467.0
529 57537 108.1667 29.3000 3106 3117 1951 1 1991 6 304348.0 3098070.0
530 57545 109.4167 29.5167 4595 4604 1953 2 2000 12 423336.1 3126917.0
531 57554 110.1667 29.4000 3222 3222 1957 11 2000 12 495842.9 3117325.0
532 57562 111.3667 29.5833 1169 1150 1959 7 2000 12 609545.8 3144516.0
533 57574 112.4000 29.3667 360 354 1959 1 2000 12 710111.1 3127166.0
534 57583 113.9167 29.9833 360 363 1956 11 2000 12 849096.1 3207979.0
535 57584 113.0833 29.3833 530 536 1952 7 2000 12 775390.7 3134132.0
536 57598 114.5833 29.0333 1468 1474 1952 7 2000 12 922644.6 3107910.0
537 57602 105.4333 28.8833 3348 3350 1951 1 2000 12 41854.2 3046644.0
538 57606 106.8333 28.1333 9720 9720 1951 1 2000 12 178626.3 2964326.0
539 57608 105.4333 28.1667 3775 3792 1957 2 2000 12 42204.0 2966501.0
540 57614 106.2167 28.3333 11802 11813 1958 1 2000 12 118278.1 2985754.0
541 57622 107.1500 28.9500 19059 19069 1954 1 1994 12 207501.8 3056266.0
542 57633 108.7667 28.8000 6637 6649 1951 1 2000 12 364111.3 3044138.0
543 57649 109.7333 28.3167 2066 2044 1957 10 2000 12 460061.0 2994142.0
544 57655 110.4000 28.4667 1516 1523 1952 7 2000 12 523890.5 3014195.0
545 57662 111.6833 29.0500 350 346 1951 1 2000 12 643831.1 3086894.0
546 57669 111.2167 28.3833 1283 1294 1954 5 2000 12 603610.5 3009523.0
547 57671 112.3667 28.8500 360 355 1955 1 2000 12 711210.8 3069224.0
548 57679 113.0833 28.2000 449 457 1951 1 1986 12 786160.2 3002152.0
549 57682 113.5667 28.7167 1063 1055 1956 11 2000 12 828082.1 3063657.0
550 57687 112.9167 28.2167 680 655 1987 1 2000 12 769843.6 3002706.0
551 57707 105.2833 27.3000 15106 15144 1951 1 2000 12 27870.4 2869703.0
552 57713 106.8833 27.7000 8439 8449 1951 1 2000 12 184415.6 2916036.0
553 57722 107.4667 27.7667 7918 7929 1951 1 2000 12 241347.4 2924731.0
554 57731 108.2500 27.9500 4163 4177 1951 1 2000 12 317293.5 2947394.0
555 57741 109.1833 27.7167 2797 2805 1951 1 2000 12 409459.5 2924779.0
556 57745 109.6833 27.4500 2722 2729 1951 1 2000 12 459768.2 2897238.0
557 57765 110.4167 27.3333 14049 14012 1973 1 1989 12 532411.3 2887904.0
558 57766 111.4667 27.2333 2486 2482 1951 1 2000 12 636207.6 2882953.0
559 57774 112.1667 27.4500 1000 984 1956 10 2000 12 703218.9 2911784.0
560 57776 112.7000 27.3000 12659 12680 1952 11 2000 12 756742.2 2899023.0
561 57780 113.1667 27.8667 7510 729 1987 1 2000 12 797312.9 2965709.0
562 57793 114.3833 27.8000 1313 1282 1952 7 2000 12 916461.1 2968791.0
563 57799 114.9667 27.1167 764 780 1951 8 2000 12 980894.1 2898506.0
564 57803 106.0167 27.0333 12518 12525 1956 6 2000 12 100322.5 2840449.0
565 57806 105.9167 26.2500 13929 13941 1951 1 2000 12 91260.5 2753171.0
566 57816 106.7167 26.5833 10743 10743 1951 1 2000 12 170255.3 2791297.0
567 57825 107.9833 26.6000 7203 7226 1958 1 2000 12 295786.3 2796128.0
568 57832 108.6667 26.9667 6105 6113 1958 1 2000 12 362008.3 2839201.0
569 57845 109.7833 26.1667 3975 3969 1956 11 2000 12 476460.8 2754969.0
570 57853 110.6333 26.7333 3410 3401 1952 7 2000 12 557469.8 2822341.0
571 57866 111.6167 26.2333 1726 1732 1951 1 2000 12 658358.0 2772839.0
572 57872 112.6000 26.9000 1032 1028 1951 1 2000 12 750343.0 2853819.0
573 57874 112.4000 26.4167 1166 1164 1987 1 2000 12 734640.6 2798680.0
574 57883 113.9667 26.7167 2631 2592 1957 1 1998 12 886778.3 2844746.0
575 57894 114.1667 26.5833 8430 8430 1999 1 2000 12 907871.6 2831767.0
576 57896 114.5000 26.3333 1261 1253 1951 1 2000 12 943439.7 2807185.0
577 57902 105.1833 25.4333 13785 13793 1951 1 2000 12 18415.4 2662068.0
578 57906 106.0833 25.1833 5668 5670 1959 1 2000 12 109137.1 2634926.0
579 57916 106.7667 25.4333 4403 4415 1951 2 2000 12 177487.5 2663630.0
580 57922 107.5500 25.8333 10133 10123 1951 1 2000 12 255025.4 2709721.0
581 57932 108.5333 25.9667 2857 2874 1953 2 2000 12 352802.0 2727542.0
582 57947 109.4000 25.2167 1213 1221 1957 1 2000 12 442978.8 2647851.0
583 57957 110.3000 25.3167 1644 1662 1951 1 2000 12 532917.8 2663348.0
584 57965 111.6000 25.5333 1922 1910 1959 8 2000 12 661863.4 2695152.0
585 57972 113.0333 25.8000 1849 1838 1951 8 2000 12 802920.1 2735250.0
586 57993 114.9500 25.8500 1238 1247 1951 1 2000 12 993356.3 2758120.0
587 57996 114.3167 25.1333 1338 1349 1954 9 2000 12 937774.1 2672823.0
588 58005 115.6667 34.4500 501 510 1953 8 2000 12 961219.7 3724450.0
589 58015 116.3333 34.4167 432 509 1954 10 2000 12 1021464.0 3727369.0
590 58027 117.1500 34.2833 410 420 1960 1 2000 12 1096556.0 3721125.0
591 58040 119.1167 34.8333 21 98 1957 1 2000 12 1264139.0 3806074.0
592 58102 115.7667 33.8667 377 418 1953 1 2000 12 977322.3 3659967.0
593 58122 116.9833 33.6333 259 269 1952 9 2000 12 1090418.0 3646473.0
594 58138 118.5167 32.9833 345 363 1957 1 2000 12 1239085.0 3591757.0
595 58144 119.0333 33.6000 175 186 1951 1 2000 12 1276334.0 3667184.0
596 58150 120.2500 33.7667 20 67 1954 1 2000 12 1383279.0 3702085.0
597 58203 115.8167 32.9167 306 386 1953 1 2000 12 993494.3 3553945.0
598 58208 115.6667 32.1667 571 579 1952 7 2000 12 988832.0 3468437.0
599 58215 116.7833 32.5500 227 235 1955 1 2000 12 1086768.0 3523011.0
600 58221 117.3833 32.9500 187 260 1951 9 2000 12 1136217.0 3574477.0
601 58236 118.3000 32.3000 253 329 1951 6 2000 12 1229625.0 3512765.0
602 58238 118.8000 32.0000 89 125 1951 1 2000 12 1280239.0 3485616.0
603 58241 119.4500 32.8000 54 100 1954 5 2000 12 1327053.0 3583361.0
604 58251 120.3167 32.8667 43 51 1953 1 2000 12 1404879.0 3602720.0
605 58259 120.8500 32.0167 53 58 1951 1 2000 12 1468607.0 3515856.0
606 58265 121.6000 32.0667 55 97 1957 1 2000 12 1536529.0 3532762.0
607 58311 116.5000 31.7500 605 604 1955 11 2000 12 1071170.0 3430463.0
608 58314 116.3167 31.4000 681 727 1954 1 2000 12 1058650.0 3389377.0
609 58319 116.9500 31.0667 854 818 1991 1 2000 12 1122115.0 3359110.0
610 58321 117.2333 31.8667 279 365 1952 8 2000 12 1137523.0 3451661.0
611 58326 117.8667 31.6167 224 310 1956 10 2000 12 1199734.0 3431206.0
612 58334 118.3667 31.3333 148 202 1952 1 1985 12 1250358.0 3405772.0
613 58338 118.5833 31.1500 211 203 1986 1 2000 12 1273305.0 3388103.0
614 58343 119.9333 31.7667 49 58 1952 1 2000 12 1388547.0 3474861.0
615 58345 119.4833 31.4333 72 81 1953 1 2000 12 1352460.0 3431547.0
616 58358 120.4333 31.0667 175 187 1956 1 2000 12 1446861.0 3404182.0
617 58362 121.4833 31.4000 3560 83 1991 1 2000 12 1538227.0 3456964.0
618 58367 121.4333 31.1667 28 70 1951 1 1998 12 1537926.0 3430312.0
619 58402 115.6667 30.7333 1238 1259 1956 11 2000 12 1006122.0 3308128.0
620 58407 115.0500 30.2500 196 206 1954 1 2000 12 953642.6 3248061.0
621 58424 117.0500 30.5333 198 196 1951 1 2000 12 1138716.0 3300751.0
622 58436 118.9833 30.6167 894 890 1956 8 2000 12 1318971.0 3333969.0
623 58437 118.1500 30.1333 18404 18363 1956 1 2000 12 1248013.0 3269427.0
624 58445 119.4167 30.3500 15059 15029 1956 1 1998 4 1363902.0 3310180.0
625 58457 120.1667 30.2333 417 432 1951 1 2000 12 1436310.0 3307801.0
626 58464 121.0833 30.6167 54 109 1954 1 2000 12 1515431.0 3363946.0
627 58467 121.2167 30.2667 71 81 1954 1 2000 12 1534280.0 3327213.0
628 58472 122.4500 30.7333 796 812 1959 1 2000 12 1640640.0 3398583.0
629 58473 122.8167 30.7333 1246 1235 1976 4 1990 12 1674751.0 3404706.0
630 58477 122.1000 30.0333 357 366 1955 1 2000 12 1621533.0 3315425.0
631 58502 116.0000 29.7333 361 371 1951 1 1991 12 1049844.0 3200001.0
632 58506 115.9833 29.5833 11645 11653 1954 12 2000 12 1050114.0 3183110.0
633 58519 116.6833 29.0000 401 408 1954 12 2000 12 1124413.0 3125853.0
634 58527 117.2000 29.3000 615 629 1952 7 2000 12 1169777.0 3165180.0
635 58531 118.2833 29.7167 1427 1453 1953 1 2000 12 1266823.0 3224795.0
636 58543 119.0167 29.6167 1714 0 1998 1 2000 12 1337891.0 3223309.0
637 58549 119.6500 29.1167 626 647 1953 1 2000 12 1406147.0 3176619.0
638 58556 120.8167 29.6000 1043 1076 1953 1 2000 12 1508626.0 3247263.0
639 58562 121.5667 29.8667 42 52 1953 1 2000 12 1574545.0 3288419.0
640 58569 121.9500 29.2000 1284 1280 1956 1 2000 12 1623320.0 3220924.0
641 58606 115.9167 28.6000 467 457 1951 1 2000 12 1055855.0 3072961.0
642 58608 115.5500 28.0667 304 304 1957 1 2000 12 1026848.0 3009846.0
643 58626 117.2167 28.3000 512 517 1952 7 2000 12 1185106.0 3054314.0
644 58633 118.8667 28.9667 669 671 1951 1 2000 12 1333805.0 3149188.0
645 58634 118.2500 28.6833 1163 1137 1951 1 2000 12 1279068.0 3109651.0
646 58646 119.9167 28.4500 608 618 1953 1 2000 12 1442722.0 3106664.0
647 58647 119.1333 28.0833 1984 1996 1953 1 2000 12 1373294.0 3055005.0
648 58653 120.9167 28.8167 13831 13836 1956 1 1994 8 1532088.0 3162175.0
649 58659 120.6667 28.0000 60 71 1951 1 2000 12 1522576.0 3068167.0
650 58660 121.1333 28.8500 77 89 1995 1 2000 12 1552152.0 3169218.0
651 58665 121.4167 28.6167 13 22 1951 1 2000 12 1583467.0 3147938.0
652 58666 121.9000 28.4500 862 844 1958 1 2000 12 1632797.0 3137384.0
653 58667 121.2667 28.0833 959 929 1957 1 2000 12 1578856.0 3086724.0
654 58715 116.6500 27.5833 808 819 1952 7 2000 12 1139762.0 2968212.0
655 58725 117.4667 27.3333 1915 1924 1956 11 2000 12 1222749.0 2950248.0
656 58726 117.8333 27.9500 14019 14023 1955 10 1991 12 1249636.0 3023078.0
657 58730 118.0333 27.7667 52221 2202 1992 1 2000 12 1271680.0 3005324.0
658 58731 118.5333 27.9167 2769 2748 1951 1 2000 12 1317893.0 3028444.0
659 58734 118.1167 27.3333 1969 1961 1961 1 1991 12 1286140.0 2958461.0
660 58737 118.3167 27.0500 1549 1559 1955 4 2000 12 1309857.0 2929775.0
661 58754 120.2000 27.3333 362 376 1953 1 2000 12 1488927.0 2987578.0
662 58760 121.1500 27.8333 686 688 1995 1 2000 12 1572151.0 3057322.0
663 58765 121.2000 27.6333 423 406 1982 10 1994 12 1580602.0 3036086.0
664 58813 116.3333 26.8500 1438 1416 1954 1 2000 12 1118226.0 2883411.0
665 58820 117.1667 26.9000 3429 3452 1955 10 2000 12 1199377.0 2898668.0
666 58834 118.1667 26.6500 1256 1266 1951 1 2000 12 1301081.0 2883650.0
667 58846 119.5167 26.6667 324 329 1993 1 2000 12 1433304.0 2904082.0
668 58847 119.2833 26.0833 838 854 1957 1 2000 12 1419723.0 2836522.0
669 58853 120.7000 27.0000 1066 1085 1963 11 1992 11 1543353.0 2958511.0
670 58911 116.3667 25.8500 3100 3112 1951 1 2000 12 1134213.0 2773300.0
671 58918 116.4167 25.0500 1979 1990 1956 12 2000 12 1149363.0 2685717.0
672 58921 117.3500 25.9667 2060 2059 1951 1 2000 12 1230236.0 2797879.0
673 58926 117.4167 25.3000 2053 2030 1993 7 2000 12 1246076.0 2725291.0
674 58927 117.0333 25.1000 3423 3415 1951 1 1993 6 1210472.0 2698547.0
675 58931 118.1000 25.7167 16535 16511 1955 9 2000 12 1308177.0 2779931.0
676 58933 118.9833 26.9167 8695 8705 1959 1 2000 12 1377086.0 2924085.0
677 58944 119.7833 25.5167 324 309 1954 1 2000 12 1478394.0 2781576.0
678 59007 105.0667 24.0667 12496 12514 1953 8 2000 12 6803.2 2510789.0
679 59021 107.0333 24.5500 4846 4858 1958 1 2000 12 206271.3 2566319.0
680 59023 108.0500 24.7000 2110 2112 1955 1 2000 12 308875.1 2585548.0
681 59037 108.1000 23.9333 1708 1722 1953 1 2000 12 316582.3 2500999.0
682 59046 109.4000 24.3500 968 978 1951 1 2000 12 447229.5 2552002.0
683 59058 110.5167 24.2000 1457 1470 1954 1 2000 12 561549.9 2541118.0
684 59065 111.5167 24.4167 1088 1093 1957 1 2000 12 661634.7 2571187.0
685 59072 112.3833 24.7833 976 981 1952 7 2000 12 746453.5 2617792.0
686 59082 113.5833 24.8000 693 685 1951 1 2000 12 867332.7 2629388.0
687 59087 113.5333 23.8667 678 684 1956 10 2000 12 871149.7 2526166.0
688 59096 114.4833 24.3667 2145 2145 1952 7 2000 12 962585.1 2589944.0
689 59102 115.6500 24.9500 3039 3027 1955 11 2000 12 1073669.0 2666124.0
690 59117 116.1000 24.2667 878 893 1952 7 2000 12 1127284.0 2595966.0
691 59126 117.6500 24.5000 289 294 1954 1 2000 12 1280620.0 2640373.0
692 59133 118.9167 24.9000 218 221 1954 1 2000 12 1401867.0 2701359.0
693 59134 118.0667 24.4833 1394 1383 1958 1 2000 12 1322808.0 2644005.0
694 59209 105.8333 23.4167 7936 7947 1958 1 2000 12 85590.3 2439434.0
695 59211 106.6000 23.9000 1735 1759 1951 1 2000 12 163476.0 2493697.0
696 59218 106.4167 23.1333 7394 7402 1957 1 2000 12 145955.5 2408899.0
697 59224 107.1167 23.6000 1112 1158 1954 1 1987 12 216967.2 2461594.0
698 59228 107.5833 23.3167 1088 1126 1988 1 2000 12 265597.4 2431511.0
699 59242 109.2333 23.7500 849 852 1957 1 2000 12 433120.4 2485062.0
700 59254 110.0833 23.4000 425 441 1953 1 2000 12 521991.6 2450600.0
701 59265 111.3000 23.4833 1148 1165 1951 1 2000 12 646198.4 2466924.0
702 59271 112.4333 23.6333 568 555 1956 9 2000 12 761003.7 2491456.0
703 59278 112.4667 23.0500 71 124 1953 6 2000 12 769245.6 2427628.0
704 59287 113.3167 23.1333 66 76 1951 7 2000 12 855854.5 2443726.0
705 59293 114.6833 23.7333 406 408 1952 7 2000 12 989633.7 2522284.0
706 59294 113.8167 23.3000 88 95 1958 12 2000 12 905548.8 2466451.0
707 59298 114.4167 23.0833 224 220 1952 7 2000 12 969254.6 2448354.0
708 59303 115.7667 23.9333 1209 1222 1956 9 2000 12 1097556.0 2555628.0
709 59316 116.6833 23.4000 11 73 1951 1 2000 12 1197485.0 2507775.0
710 59317 116.3000 23.0333 129 139 1955 8 2000 12 1162959.0 2463104.0
711 59321 117.5000 23.7833 533 544 1954 1 2000 12 1275458.0 2559901.0
712 59324 117.0333 23.4333 72 78 1957 1 1992 12 1232743.0 2515703.0
713 59417 106.8500 22.3333 1288 1297 1953 1 2000 12 192230.1 2321695.0
714 59431 108.3500 22.8167 731 737 1951 1 2000 12 346254.6 2378862.0
715 59446 109.3000 22.4167 660 660 1956 10 2000 12 446295.5 2338728.0
716 59453 110.1667 22.6500 818 853 1953 5 2000 12 534842.1 2368612.0
717 59456 110.9333 22.3500 846 839 1954 1 2000 12 616077.7 2340152.0
718 59462 111.5667 22.7667 533 578 1957 10 2000 12 678729.5 2389976.0
719 59478 112.7833 22.2500 327 328 1953 1 2000 12 808684.0 2342475.0
720 59493 114.1000 22.5500 182 400 1952 7 2000 12 942117.8 2386910.0
721 59501 115.3667 22.7833 46 55 1952 8 2000 12 1070138.0 2425269.0
722 59626 107.9667 21.5333 182 228 1952 9 2000 12 310856.5 2236850.0
723 59631 108.3500 21.7833 324 313 1995 1 2000 12 350081.6 2265490.0
724 59632 108.6167 21.9500 45 55 1952 10 2000 12 377275.1 2284725.0
725 59644 109.1167 21.4833 153 162 1952 9 2000 12 431523.4 2235681.0
726 59647 109.1000 21.0333 552 549 1956 1 2000 12 431805.3 2186446.0
727 59658 110.4000 21.2167 253 294 1951 1 2000 12 567511.1 2213009.0
728 59663 111.9667 21.8667 233 220 1952 9 2000 12 726933.9 2294237.0
729 59664 111.0000 21.5000 118 132 1956 9 2000 12 628623.1 2247562.0
730 59673 112.7667 21.7333 215 177 1957 11 2000 12 811390.2 2285859.0
731 59754 110.1667 20.3333 679 690 1956 10 2000 12 548030.4 2115423.0
732 59758 110.3500 20.0333 141 149 1951 1 2000 12 569213.4 2083836.0
733 59838 108.6167 19.1000 84 80 1952 10 2000 12 388591.7 1974214.0
734 59845 109.5833 19.5167 1687 1688 1952 9 2000 12 490294.4 2023661.0
735 59849 109.8333 19.0333 2509 2486 1955 11 2000 12 519569.1 1972556.0
736 59855 110.4667 19.2333 240 241 1952 12 2000 12 586400.2 1997736.0
737 59948 109.5167 18.2333 55 70 1958 11 2000 12 489495.6 1884504.0
738 59954 110.0333 18.5000 139 115 1955 12 2000 12 543976.3 1915976.0
739 59981 112.3333 16.8333 47 54 1957 7 2000 12 805415.9 1752425.0
740 59985 111.6167 16.5333 40 46 1975 1 2000 12 728977.1 1714800.0